9.144548371
7.766500067
6.428523445
4.864271967
7.064106885
2.262955152
9.800966285
8.466914743
7.089199692
6.042680886
1.320701358
3.576178301
4.939756105
3.386905283
5.231554752
3.736280728
7.527971435
2.533630929
9.188222671
1.800088589
9.702171329
4.713240732
0.350114291
1.375572924
3.699384174
7.183110563
7.434890545
9.781202522
7.153021655
0.516259776
9.637573135
7.056519481
0.160533268
9.008315924
9.173718748
6.921833783
6.736418485
3.353631576
1.604967361
5.672035588
7.794867595
5.889160186
1.690701207
4.155650455
6.018503489
1.46468541
2.670443291
8.22853784
9.631840542
1.669453846
3.311515543
5.969493897
2.478574394
7.696244495
3.769765061
1.992200015
4.030882115
2.939993773
8.499182913
1.33467738
3.475730127
7.471431245
6.140279634
3.740656241
5.174154405
9.466008548
9.225005657
7.061522707
2.527050453
3.989058951
5.969333965
6.813173789
7.47467435
0.27004337
0.226724804
8.491775489
9.67169797
7.171630039
8.435125276
1.740878827
1.624571489
9.398492585
9.855769556
5.536670988
2.689577015
0.315667923
0.981122732
1.704633268
0.900018228
4.552135217
0.951766068
8.738885409
3.002178152
5.38013783
9.001949078
3.418131166
4.248828223
7.546585618
6.573204853
6.592220425
7.073203898
9.006704312
4.643124885
9.909406086
2.270970952
7.239074183
8.504594082
2.971787033
2.268491666
9.429692785
1.588002941
1.866869203
8.725012792
0.368898189
0.774642408
5.727510305
5.035891438
1.812289373
9.581002124
8.95500852
5.553293361
4.787584752
7.754657289
3.637640577
4.016805187
5.11945456
9.829340842
7.81236585
3.553504834
6.703845373
9.38309639
4.329358209
4.275028706
8.941224435
3.629040061
2.79447264
3.688879717
6.753873948
1.677839458
5.664907445
9.475728318
6.450652801
2.670091223
3.638162239
1.391475884
7.656257895
3.199491481
9.481631938
9.816017873
1.41279478
2.763658644
0.566290615
1.238564476
3.240164231
6.370172933
7.540969838
8.348204148
1.410512651
7.46096728
2.6992607
7.208967878
6.679485319
7.879841641
8.323350716
3.458966513
0.509899503
4.682919448
7.137775838
4.756154025
0.335287943
5.082741561
2.134089678
5.317508854
2.952632103
3.394781168
2.575683452
2.542168516
5.398426315
9.593720434
5.178389637
0.5375571
9.36377007
6.360204343
1.513922415
5.84832397
1.862145125
0.554267672
0.808193141
9.382291366
9.944012776
5.401851353
0.166469528
1.750065311
9.173110271
4.147794241
8.646314452
7.592497574
2.68792564
1.169522896
5.534284879
3.757180103
0.230949061
6.485845304
9.297526836
9.952907094
6.709829278
5.261625655
6.780598681
8.815425453
1.746530969
9.090049292
5.441812615
2.472746513
3.123336878
5.310852536
1.661324457
2.363851483
0.892383366
6.350579648
5.919314646
1.775609891
6.966041655
4.805624847
9.990593285
4.022928833
4.559028065
5.868094654
0.186560914
9.064418429
6.953484994
3.324612546
7.638252874
8.402797675
6.723447323
8.161306964
1.044383395
8.177230677
3.469187568
6.206663225
3.345854297
4.457025922
9.194417163
0.390811913
0.916541278
6.638357712
6.687485558
9.861643438
9.693683897
5.114922487
1.089089759
5.706501096
4.34997896
1.908056238
6.31822476
6.01600216
0.141887561
5.418123855
9.550772771
3.066424965
4.783254177
6.577629015
9.080212414
9.40917478
8.331390453
5.226375221
0.390241976
6.466587153
1.889192645
6.625158602
0.837131483
0.188473543
1.398431473
0.561924009
3.259103647
0.760478261
2.18934447
4.051272436
5.658139541
2.599937007
2.291900372
7.421089664
4.120953878
2.619192622
9.881735486
0.954912875
9.510045913
5.427864032
7.234153935
8.825412417
1.514510409
0.587342155
0.265862179
9.519419343
6.862179032
2.243639333
4.851360584
6.403742635
2.392426535
2.612161596
1.500133346
4.823852921
0.510568814
1.262548177
9.06802451
6.931244891
5.641393655
8.666040851
4.2285258
3.411010334
0.151799824
5.036088933
6.488596428
8.844009351
6.53649768
4.168693486
6.927041162
7.016257171
1.579754065
0.406260264
8.400982993
5.756801999
6.916943764
0.879879713
1.353251569
6.38825075
2.602551044
9.545123159
7.62988947
0.134738852
8.554271427
0.867035886
6.544672381
6.153027305
6.47628159
4.645670528
8.824666103
3.765351275
7.366232116
6.499940897
2.988361042
6.272751907
3.011719095
6.136742967
7.995414161
2.756185526
1.792873964
7.580294174
4.769163728
7.608959467
0.479260229
7.681891026
0.778925996
2.101472138
1.230405702
4.495903798
1.336636287
7.210251963
6.711987999
9.493176637
0.083112336
0.923618849
5.058795477
4.960951078
7.806918215
9.215840422
0.68277953
1.147730901
5.800704074
6.650283599
0.498576825
1.874251332
2.16766808
9.721082147
0.661947461
4.597562671
1.21589544
8.83962545
9.253777766
0.308769205
9.587421868
5.065636568
6.359415588
1.604033292
4.352136239
9.420829777
5.625143312
5.388920903
7.209882897
0.458458633
9.138291325
7.003017927
9.114012266
9.084614066
3.414054849
6.86633045
6.284183451
8.287899613
6.179930579
3.113590582
5.019502758
0.161551559
4.209869082
1.189851692
3.325514924
8.463386631
0.129490751
1.54031344
7.343439178
5.262951512
9.287466463
2.3073856
6.963345827
6.271193622
0.5184797
3.823279295
4.89715951
1.292660838
9.131196155
4.425267431
0.920061557
8.814511471
4.143329451
3.144148308
4.220673024
1.081105257
7.020047557
1.029221454
9.9400266
1.139593245
5.943611749
1.736178239
3.779556062
1.73680785
2.172774837
4.87123752
0.575072276
9.247288056
3.567187813
9.983214712
0.96462436
6.163566548
4.572347595
7.269113444
0.029797057
3.978898664
7.588426918
6.714043704
1.692247432
6.525423921
2.68271393
1.077782237
0.166891682
9.138705156
7.567573167
4.702964539
5.061093122
1.519031064
1.222452214
0.526354588
2.28533427
6.496444382
1.705460522
1.110170644
6.864980851
9.554640603
3.405289285
9.927056539
5.403450189
2.713090836
2.029812359
7.616186091
4.322035629
6.742817509
0.014053011
8.435212713
1.014348818
2.186395619
4.540353689
2.636251164
1.676623049
9.448729722
6.531886357
8.579685993
0.709345165
9.505613201
7.127767006
1.567180932
3.131914095
4.744770885
5.372939234
7.712807982
1.931894042
8.075923131
9.567693746
5.13049756
3.297258145
0.356058564
0.468430727
9.389369964
8.695046269
5.145628012
3.080218282
4.439316987
6.56688339
3.184947086
2.091849048
1.761986247
6.762557617
4.825952885
4.0185999
6.999399722
7.405387681
3.892131567
1.700259019
3.472289682
0.569383466
1.354454421
4.941437731
0.036020231
3.504624516
0.244294571
0.816963912
2.08918133
6.538429946
1.342839564
5.338761025
5.443243268
5.831015745
2.45046341
3.602409978
9.158700883
3.032026224
8.967010032
6.15645414
3.650465471
6.022104594
4.056091178
9.586804669
9.193727661
6.805995067
7.589533089
9.637709627
3.4349399
6.262921335
5.09356954
0.47262489
8.395406903
9.92886253
8.094770211
6.200379187
3.447739956
0.817103255
4.866441875
3.351099378
0.869975789
5.680458715
9.768135562
8.315183534
0.01639801
0.172601771
5.543844917
3.127945391
3.232986318
1.299948101
8.585672191
7.882519114
5.260347499
9.764950552
1.389179029
9.487695351
2.821714327
2.308093034
8.594031323
7.095734427
6.630461445
1.370538263
8.279937967
9.099242402
5.291720096
3.068241045
3.32713806
9.662698468
1.093526071
4.501472593
8.737656518
7.868977287
8.189786854
9.744660984
4.939178481
3.950805431
8.203098886
8.912327319
5.510359302
3.033258875
5.007415543
6.800077507
0.418769645
8.04972496
1.358011759
1.710487825
4.242644234
0.284678163
2.491681622
0.270296814
4.574512917
5.575516677
3.024906937
0.624677538
8.254991175
0.126304103
6.299994948
0.769707956
4.083160689
4.270384486
9.179044351
1.481393223
1.160394449
4.013333174
1.794669332
1.787104144
3.452188491
5.068599656
4.177092885
3.673957912
6.913780749
6.614433583
5.397734408
8.707151499
4.298733038
3.868863763
2.87968738
1.071735368
5.319447945
8.460344821
4.32157806
8.673355239
1.269177743
7.582554412
6.999346629
5.395044961
6.453349424
4.844739149
2.971772263
1.525320527
8.099556798
0.899677574
6.070718469
0.43689777
3.738775429
1.057393775
2.903774211
9.204324935
5.795459448
0.423477261
6.332850392
4.352216295
3.411125285
8.854548043
8.478276461
8.092210111
4.9865511
9.627500334
7.789712005
0.492071231
7.287987506
5.73869777
0.890039341
7.926640842
9.015270063
1.505966724
0.996074149
3.965745982
5.598917361
2.342971105
3.955798351
5.734695868
1.658301977
8.814938604
9.871451766
9.177479185
4.443072436
7.351559509
1.659768974
7.785235767
6.219473615
5.973773853
5.248028985
7.703358124
1.216849528
9.735907899
9.646959401
5.49632745
9.057837156
9.347439897
6.897079588
1.161361971
7.632852653
7.674477134
1.691292473
8.148373195
9.576581322
7.73195102
6.120243053
9.996215451
9.567159777
7.409492631
7.108042533
3.907247757
4.689552868
3.240406307
6.138368761
0.542940092
5.502730883
0.595635248
3.201945181
8.199814361
1.572626147
1.522282307
9.817898086
0.956472396
5.212120419
4.286462881
5.649932577
2.753140738
2.812747725
3.596632161
9.308135331
8.708540984
7.894722722
0.870753506
2.144821835
4.443438793
1.368247181
2.432684863
8.278710393
5.982207775
9.963140895
0.319187846
1.906342008
5.836159433
8.077414954
7.862118981
7.788376237
1.336490097
1.317291563
2.959114316
0.628001856
8.759935028
1.682448109
1.613874189
3.5426434
4.044585796
8.347510614
3.921355375
9.678272144
1.730869702
2.070091175
5.177856753
3.667835536
8.090192615
8.836764227
9.940823665
0.365570102
3.71285812
9.091194408
7.155775462
7.547139195
5.819236769
9.493580516
9.823258295
2.658040417
2.610881907
0.222586118
5.076967841
2.606269536
4.921165326
1.496477451
0.898414885
6.200745106
2.23610895
1.624660813
0.119892984
7.862848945
4.102029976
0.683587642
9.031029513
9.425787793
5.366949974
7.576185308
2.647232978
5.048012834
0.573673934
3.42988861
0.111025461
9.658722888
4.043937446
3.840072032
4.654964296
9.399870132
7.582015267
5.469957402
6.337101246
5.079110502
8.26392097
4.811582093
2.664176282
1.106054973
8.136607243
7.437832666
1.599060465
4.042320761
0.68471232
2.472305661
3.700270067
8.903454564
5.328956863
5.014614171
0.083158225
5.890712297
2.117761711
1.391031509
8.835930565
9.862242818
3.494080265
2.216470571
3.065518902
8.862588186
8.526460565
8.079022376
6.674051781
1.413066378
9.108096834
9.298941127
3.799978097
3.61190299
1.464768783
9.220143868
8.591414671
0.369145459
7.640536889
5.413347399
1.831684459
1.385594289
3.874586137
3.106664146
1.155674447
8.547941631
7.954425252
8.539435945
9.885239007
0.175855202
3.754718549
4.321555585
1.19813594
2.413091107
5.854359002
8.425280354
2.28264384
2.875787202
3.201073193
7.732038839
2.709365009
3.503124272
5.482253436
6.266271516
7.330939306
9.736160407
9.514618773
9.523537981
9.883570236
5.812135211
8.28428045
8.93180596
8.322190399
7.17480997
8.100370215
6.38173602
2.507167714
3.723387491
9.566118594
2.779708539
5.899403242
3.250552803
3.722743732
2.920743139
3.45430849
5.601170441
3.780499698
4.802569078
3.934931819
0.520528569
8.585082667
8.520385521
9.296403293
7.083750319
3.293054114
7.56130674
2.178632867
9.273851692
8.111103599
9.175702189
2.468009035
7.161949895
5.645215945
2.833536952
6.678193149
8.381217531
5.456940266
4.670718856
3.462765138
3.662667501
6.954382391
9.558056591
2.439804342
8.200196354
5.947250521
9.53857417
7.188073332
5.402649748
0.802931613
2.42630399
0.249474951
2.781063065
0.85647726
2.459948222
0.96365829
6.78515263
7.396235571
2.049259205
2.666627081
5.887694942
9.980658475
4.757708192
6.872332339
7.20625594
0.576528095
7.657643535
4.716188889
7.613556265
5.015158737
8.326101725
5.690659383
9.981658878
5.613732015
3.750294207
3.325245092
2.227014462
7.984651873
0.761969129
6.995178758
9.531018063
9.188331359
1.036373507
2.942103815
0.194480698
5.985756828
0.599706181
7.442994924
0.840698548
5.047285425
5.415952273
8.585103387
8.717531308
0.48715148
2.038001728
0.332788378
9.088555966
1.407214511
1.162614521
3.31257174
3.431793089
2.106437621
6.318563565
7.989543178
3.638219769
8.548347963
4.366113956
0.592010889
7.214271506
2.910067198
4.479000597
4.701172879
0.974720133
2.187596262
5.779900502
5.114972911
4.51881826
8.678362452
6.973451941
3.276690313
9.580976273
7.77593563
5.376024678
6.224890583
5.611586495
4.057988311
3.223489594
3.61477285
7.269885823
4.20040133
0.62072663
1.107554175
0.409904615
1.142139412
1.138740729
1.198965847
0.624420569
0.172152387
0.650149663
0.526675179
0.893658642
0.966546628
0.53583099
0.24428521
0.660683916
0.378121052
0.917047269
1.029850114
0.237647807
0.763132902
1.187835787
0.602808579
0.126105779
0.534626533
0.670885379
1.327536861
1.174302317
1.271484048
0.99647769
0.868291689
0.596947716
0.350322259
0.565683307
0.919842547
0.593500412
0.015908284
0.719292318
1.363438995
0.679785674
0.171718917
0.550310846
0.07760882
0.829202546
0.94739278
0.989127529
1.171169011
0.505688273
0.514127061
0.238298413
1.27499486
0.789657118
0.053853209
1.206080543
0.099599082
1.193693451
0.895544331
0.398607671
0.360149058
0.645159168
0.264472403
0.826362657
1.220818624
0.462733534
1.363952935
1.157155608
0.261690906
0.158991829
0.200296564
0.668705617
0.659984653
0.297768248
1.23032852
0.289477322
0.808100642
0.947863653
0.703714179
0.439579426
0.893035833
0.053497387
1.135864744
0.537973501
1.285333242
1.156707773
0.524629176
0.631020227
0.742468918
0.164314784
1.030154226
1.039851973
0.01964734
0.098050154
1.233901905
0.718515736
0.49899741
0.75637204
0.787405723
0.839316257
0.957028635
0.701443666
1.02958416
0.878430383
0.747429875
1.153443451
0.433657369
0.00012152
0.53410012
1.012481671
0.265591813
0.694258851
0.069985996
0.284499078
1.059827467
1.046513713
0.103730931
0.821045608
0.039970324
0.479424567
0.224280871
0.344802805
0.472844029
0.899239296
0.306477089
1.285823957
0.438583935
0.882951971
0.820819912
0.488085904
0.737050147
0.637588204
0.939775755
0.729260865
0.22386415
0.952989216
0.307079556
0.067456308
0.208343292
0.144055131
0.912428008
0.967370731
0.438275913
1.051254242
1.279160061
0.532686813
0.014183937
0.989300341
0.641071943
0.930453392
1.251966542
0.372873944
0.493191058
0.73864061
1.362016793
1.130884436
0.335310674
0.820949082
0.602294543
0.465522649
0.80524291
0.573922548
1.339433941
0.035665998
1.109558077
0.133656854
0.530716755
0.150203765
0.132451145
0.740992083
0.290643248
1.178048132
0.746318386
1.197870964
1.225412152
1.03315725
0.257593898
0.10900533
1.084163138
0.141912995
0.989338655
0.667344374
0.426272038
0.932476705
0.730014482
0.893860851
0.991590442
1.173163941
0.096071816
0.14328095
0.234831436
0.949433213
0.070792858
1.158327666
0.167912093
0.240055062
0.402062865
1.083122144
0.190879283
0.652625077
0.656589135
1.046731842
0.66244236
0.759324025
0.300725697
0.909197377
0.27790475
0.05390395
0.99785471
0.201051459
0.009870254
0.985481861
0.55196607
0.899986278
1.119680093
0.819389013
1.256712399
0.601403265
0.117519846
0.501215414
0.763886855
0.325354964
0.971484349
0.210177752
1.020532068
0.995979851
1.098224829
0.732457485
0.947837453
1.059638945
0.634673403
0.150394259
0.279692002
1.36282589
0.651725921
1.190613793
1.206663061
0.974713444
0.067839052
0.467011396
0.052246823
1.241219873
1.045718765
0.69039189
1.221233577
0.137051668
0.861757226
1.055525162
1.230985415
0.26574347
1.022625357
0.025144339
0.266646425
0.825977159
1.128416188
0.109664498
0.228921079
0.172230033
1.352452297
0.783757899
0.379664577
0.348955257
0.696522827
0.987977978
0.704005362
1.280847812
0.277998729
0.310090237
0.364920952
0.137515563
0.266818224
0.779776392
1.131369203
0.031489587
0.868636094
1.257366178
0.045411171
0.943303329
0.005339202
0.179271801
0.124818873
1.334533704
0.023810866
0.347494924
1.228250147
0.924856118
1.205878223
0.573695003
0.244198511
1.271109358
0.847680349
1.147227593
0.920019671
0.679489399
1.254826293
1.299937845
0.549067848
1.223371225
0.463666982
1.292152644
0.993405978
1.132959666
0.709308502
0.984790796
0.861813769
0.664414531
0.224842707
0.893465012
0.455283223
0.300819428
1.194770049
0.965321208
1.03822641
0.265711129
0.836010393
0.750547565
0.089706515
0.917461627
0.391210511
0.30414937
0.800399781
0.234452658
0.978392748
0.280535737
0.333615239
0.49432486
1.0873811
1.010516769
0.149821686
0.703791909
0.407428444
0.040017965
0.54638327
1.343644908
0.909011854
0.513170531
0.692803465
0.945628405
0.677815163
0.767009574
0.85652486
0.222336558
0.471260898
1.365416235
0.433264312
0.442273114
0.677435139
0.125200924
0.713820971
0.77799175
0.518651205
0.529661758
0.5479376
0.796054627
0.202290067
0.399482569
1.282945495
0.761059991
0.298969353
0.943515786
0.826197836
1.303289289
0.761992516
0.864671432
0.691861315
0.560250052
0.045462737
1.179919699
0.2728108
0.18011752
0.200700709
0.538183892
0.49971894
0.347601567
0.023905591
0.201880601
0.47124976
0.684855727
0.830813393
0.551493678
0.357397333
0.859325875
0.409787278
0.381356057
0.787308087
0.086527301
0.897709335
1.227159463
0.21471649
0.938722898
0.326418413
1.217941307
0.937126559
0.350590132
1.226199818
0.204933962
0.181543859
0.863371342
0.223005779
0.763216324
1.282814974
1.190755968
0.862527702
0.259287924
0.109018748
0.665266245
0.77013433
1.273373714
0.754060772
0.552531435
1.1132376
1.317427805
0.297634493
0.191298729
0.720381147
0.962424496
0.561617329
0.390573685
1.022144661
0.538741265
1.207525892
0.230154256
0.802777313
1.277825928
0.171808632
0.217074739
0.992116832
0.639213761
0.524863515
0.674081847
0.066452666
0.219235299
1.072079598
0.413506273
1.064558339
0.589054582
0.963955369
0.643009043
0.136323387
0.701150259
0.203654498
0.388571579
0.705372578
0.26069308
1.029197064
0.177500534
0.824471395
0.648335903
0.009209817
0.161378008
1.205180778
0.793936472
0.078072038
0.456147709
0.519509073
1.120953473
0.112454587
1.04845438
0.890529482
0.571696044
0.503708653
0.982711863
0.613552851
1.05954023
0.356727812
0.638219071
1.341397074
0.325238281
0.872622728
0.993760056
0.393596871
0.058666353
0.585398902
1.023964576
0.76476844
0.768858565
1.186583248
0.603514006
0.076677094
1.264626837
1.055322788
1.330661591
0.964812505
0.584671616
0.802133802
1.297284854
0.04120503
0.975658597
1.218803843
0.568706019
1.322254924
0.56876241
0.012797214
0.189285507
0.960734053
1.234946782
1.284640675
0.425898092
0.170513153
0.344872364
0.766946534
1.072159437
1.186569961
0.979066244
0.715885378
0.058839245
0.539459223
0.340608275
1.355992462
1.224818658
1.24601549
0.405074986
0.468071516
0.992783525
0.86658108
1.297929196
0.704701301
0.148702739
1.345742196
0.517994569
0.503041858
0.438923361
1.254945828
0.949673834
0.847466719
0.355942069
0.496900475
0.737882336
0.311496631
0.902707105
0.150320101
0.653986262
0.415736018
0.104429708
0.426191121
0.985137222
0.969722413
0.871739061
0.158233119
1.317367395
0.115931716
0.142054792
0.898849903
0.454913079
0.39507413
1.297907139
0.027348526
0.23853511
1.343381646
1.258267936
0.400871534
0.109390027
0.915770565
1.323841867
0.318552555
0.254836765
0.852685877
1.243874196
1.157937983
0.507131307
0.561757869
1.305650071
1.131429118
0.231603614
0.074196884
0.290330202
0.485568581
0.65258866
0.296948879
0.603912527
0.756946168
0.228388666
1.347180689
1.28647638
1.11853828
0.064530236
0.940333485
1.285049637
0.161666113
0.235962291
1.257313343
0.518740515
0.335135375
0.619274584
0.780192939
0.320873477
0.310970436
0.287841711
0.10717741
0.561624176
0.411890237
0.942797066
0.319026565
0.885851385
1.351223658
0.288438183
1.093002731
1.035246694
0.459404213
0.20160186
0.268621959
0.327216982
0.346263429
1.207157333
0.885898774
0.264130913
0.801428727
0.870480508
1.024371947
1.021655628
1.262569475
0.777359528
1.078739234
0.535403608
1.357350011
0.129581713
1.213607571
0.377002663
0.798324047
1.183749556
0.300502174
0.86289475
1.126428595
1.19607569
1.277655153
0.942701201
0.476857734
0.029573509
0.177893702
0.949276958
1.016595815
1.06121349
0.605176252
0.8023756
1.196821995
1.270705684
1.006824602
0.975776595
1.346571394
0.03336739
0.295205559
0.078096295
1.014380834
0.532973409
0.517435976
0.038726047
0.949444651
0.830540451
1.271575643
0.947983086
0.092845413
0.75283398
1.182611082
0.64206808
1.124773413
1.095926776
1.121500281
0.462408676
0.786531793
0.250514268
0.602431694
0.953317399
1.221203042
0.90602913
1.302091671
0.521510592
1.162817277
1.055517586
0.549282088
0.684321339
0.438071432
0.961699553
0.943672371
1.127788775
0.954305528
0.209421507
0.160531531
0.307526429
0.131078311
0.024584777
0.006298909
0.000753687
0.375404873
0.51809092
0.611007151
0.862737701
0.649404514
1.174115678
1.365440544
0.697236602
0.545763884
0.336309778
1.265646645
0.735030462
0.688209106
0.494211183
0.317668277
0.122628167
0.343698768
0.327025203
0.247835718
0.858315557
0.225596066
0.706667188
1.234339362
1.15748926
0.993430896
0.419541792
0.551963971
1.140709747
0.719666543
1.000047719
0.527607122
1.348663308
0.285283066
0.316262615
0.658104576
0.859179275
1.326098042
0.974430309
1.070509126
0.849478976
0.32078218
0.42927556
0.800138004
0.679973133
0.482528975
0.434971416
0.629787778
0.346525954
0.170334883
0.020010327
0.854818121
0.89881759
0.639262875
0.223225298
1.021038642
1.3037442
0.567447523
0.983326144
1.302626846
0.211177056
0.635109839
1.037769569
0.718038725
0.400152262
0.739587895
0.438209915
0.680509628
0.800103446
0.504004469
0.713345426
0.008677472
0.463356236
0.205487385
0.915550874
1.029169367
1.169716366
0.08112119
0.030411032
0.412421669
0.355166764
1.270185286
0.955779596
0.386327368
1.080088676
0.075524066
1.183071585
0.157684434
1.264495917
0.40197848
0.755272114
0.204859345
0.893501192
0.95374696
0.081212778
0.695835481
0.066851182
0.126720725
0.309067737
0.49486098
0.114638187
0.693617803
1.320099567
0.151756175
0.591962994
0.383975765
0.265519005
0.264823787
0.618504278
1.096554746
0.179908633
0.983489774
0.834262905
0.807678385
0.491036381
1.130963744
1.186606615
0.32885439
0.394697606
0.043746496
0.191825182
0.140521631
0.489983942
0.41719728
0.097497276
1.325960411
1.043705467
1.298911309
1.009847525
0.313867424
0.855982871
0.920202374
0.861128612
0.496276972
0.360129243
0.010153605
0.660413481
0.481660122
0.521967368
0.178315454
1.258418256
0.089417082
1.216512618
1.310676186
0.620893655
0.928462296
1.233897154
0.115624439
0.325004506
0.876704561
0.200623146
0.135602546
0.772559523
0.04472039
0.22468477
1.25667522
1.19401286
0.049759179
0.883382981
1.142356089
0.17896259
0.609066306
0.427348247
0.105431524
1.202502052
0.791283114
1.125165948
0.821193737
0.869526673
0.127553303
1.256022315
0.571666954
0.227929468
0.333297426
0.77881802
0.765654901
0.60727841
0.316909375
0.50703766
1.107015096
0.666459021
0.114274239
0.794428221
0.279357975
0.433661032
1.063282248
0.246452087
0.669302234
0.341223573
0.507032774
1.179580314
1.278930846
0.954501195
0.750177936
0.928540017
1.346250817
1.114030529
0.767567886
0.071691279
0.371348723
0.258778482
0.720493555
0.51293652
1.318882777
0.268194019
0.461701848
0.427258847
1.264261515
0.033357536
0.186575444
0.27719972
0.463434129
0.088985218
1.122374811
1.284059957
1.033452411
1.26546424
0.092161424
0.497375109
0.022350041
0.796298024
0.965113558
1.105238618
1.331273702
0.967080947
1.251070736
0.130423511
0.027037852
0.099122377
1.308870393
0.977381902
0.026437396
1.212406434
0.067985052
0.994155509
1.134730754
0.877204234
0.313915426
1.25814547
0.93113757
0.601514969
0.83146737
1.13940967
1.324130508
1.240135641
1.189078094
0.617983631
0.72291388
1.111227245
0.875835898
0.308111173
0.694606381
0.833044698
0.101680594
0.092509315
0.832557185
0.945767654
0.734755779
1.206550762
0.54823645
1.060252572
0.478072309
0.474431213
0.604210211
1.033016894
0.251313937
0.997303566
0.92625431
0.179620854
0.170431488
0.558706051
0.288081885
0.720297651
0.086143428
0.398626964
1.023865496
0.686309244
0.093873506
0.617082164
0.256373126
0.031418276
1.178536486
1.294141554
0.366423114
0.703362306
1.296043963
0.166579798
0.05923208
0.344079847
1.275875789
1.145375855
0.407491674
1.260085236
0.692775455
0.993007806
0.058622149
1.141759542
1.045140559
0.963332735
0.380607234
0.032344094
0.823001784
1.128545765
0.728573629
0.211925282
0.117422518
1.000058621
0.4165062
0.542699391
0.920786079
1.332510586
0.935134364
0.762906314
1.320234906
0.305749412
0.234559598
0.093096313
0.827153103
0.23210297
0.904921693
0.572982914
0.827790691
0.62072663
1.107554175
0.409904615
1.142139412
1.138740729
1.198965847
0.624420569
0.172152387
0.650149663
0.526675179
0.893658642
0.966546628
0.53583099
0.24428521
0.660683916
0.378121052
0.917047269
1.029850114
0.237647807
0.763132902
1.187835787
0.602808579
0.126105779
0.534626533
0.670885379
1.327536861
1.174302317
1.271484048
0.99647769
0.868291689
0.596947716
0.350322259
0.565683307
0.919842547
0.593500412
0.015908284
0.719292318
1.363438995
0.679785674
0.171718917
0.550310846
0.07760882
0.829202546
0.94739278
0.989127529
1.171169011
0.505688273
0.514127061
0.238298413
1.27499486
0.789657118
0.053853209
1.206080543
0.099599082
1.193693451
0.895544331
0.398607671
0.360149058
0.645159168
0.264472403
0.826362657
1.220818624
0.462733534
1.363952935
1.157155608
0.261690906
0.158991829
0.200296564
0.668705617
0.659984653
0.297768248
1.23032852
0.289477322
0.808100642
0.947863653
0.703714179
0.439579426
0.893035833
0.053497387
1.135864744
0.537973501
1.285333242
1.156707773
0.524629176
0.631020227
0.742468918
0.164314784
1.030154226
1.039851973
0.01964734
0.098050154
1.233901905
0.718515736
0.49899741
0.75637204
0.787405723
0.839316257
0.957028635
0.701443666
1.02958416
0.878430383
0.747429875
1.153443451
0.433657369
0.00012152
0.53410012
1.012481671
0.265591813
0.694258851
0.069985996
0.284499078
1.059827467
1.046513713
0.103730931
0.821045608
0.039970324
0.479424567
0.224280871
0.344802805
0.472844029
0.899239296
0.306477089
1.285823957
0.438583935
0.882951971
0.820819912
0.488085904
0.737050147
0.637588204
0.939775755
0.729260865
0.22386415
0.952989216
0.307079556
0.067456308
0.208343292
0.144055131
0.912428008
0.967370731
0.438275913
1.051254242
1.279160061
0.532686813
0.014183937
0.989300341
0.641071943
0.930453392
1.251966542
0.372873944
0.493191058
0.73864061
1.362016793
1.130884436
0.335310674
0.820949082
0.602294543
0.465522649
0.80524291
0.573922548
1.339433941
0.035665998
1.109558077
0.133656854
0.530716755
0.150203765
0.132451145
0.740992083
0.290643248
1.178048132
0.746318386
1.197870964
1.225412152
1.03315725
0.257593898
0.10900533
1.084163138
0.141912995
0.989338655
0.667344374
0.426272038
0.932476705
0.730014482
0.893860851
0.991590442
1.173163941
0.096071816
0.14328095
0.234831436
0.949433213
0.070792858
1.158327666
0.167912093
0.240055062
0.402062865
1.083122144
0.190879283
0.652625077
0.656589135
1.046731842
0.66244236
0.759324025
0.300725697
0.909197377
0.27790475
0.05390395
0.99785471
0.201051459
0.009870254
0.985481861
0.55196607
0.899986278
1.119680093
0.819389013
1.256712399
0.601403265
0.117519846
0.501215414
0.763886855
0.325354964
0.971484349
0.210177752
1.020532068
0.995979851
1.098224829
0.732457485
0.947837453
1.059638945
0.634673403
0.150394259
0.279692002
1.36282589
0.651725921
1.190613793
1.206663061
0.974713444
0.067839052
0.467011396
0.052246823
1.241219873
1.045718765
0.69039189
1.221233577
0.137051668
0.861757226
1.055525162
1.230985415
0.26574347
1.022625357
0.025144339
0.266646425
0.825977159
1.128416188
0.109664498
0.228921079
0.172230033
1.352452297
0.783757899
0.379664577
0.348955257
0.696522827
0.987977978
0.704005362
1.280847812
0.277998729
0.310090237
0.364920952
0.137515563
0.266818224
0.779776392
1.131369203
0.031489587
0.868636094
1.257366178
0.045411171
0.943303329
0.005339202
0.179271801
0.124818873
1.334533704
0.023810866
0.347494924
1.228250147
0.924856118
1.205878223
0.573695003
0.244198511
1.271109358
0.847680349
1.147227593
0.920019671
0.679489399
1.254826293
1.299937845
0.549067848
1.223371225
0.463666982
1.292152644
0.993405978
1.132959666
0.709308502
0.984790796
0.861813769
0.664414531
0.224842707
0.893465012
0.455283223
0.300819428
1.194770049
0.965321208
1.03822641
0.265711129
0.836010393
0.750547565
0.089706515
0.917461627
0.391210511
0.30414937
0.800399781
0.234452658
0.978392748
0.280535737
0.333615239
0.49432486
1.0873811
1.010516769
0.149821686
0.703791909
0.407428444
0.040017965
0.54638327
1.343644908
0.909011854
0.513170531
0.692803465
0.945628405
0.677815163
0.767009574
0.85652486
0.222336558
0.471260898
1.365416235
0.433264312
0.442273114
0.677435139
0.125200924
0.713820971
0.77799175
0.518651205
0.529661758
0.5479376
0.796054627
0.202290067
0.399482569
1.282945495
0.761059991
0.298969353
0.943515786
0.826197836
1.303289289
0.761992516
0.864671432
0.691861315
0.560250052
0.045462737
1.179919699
0.2728108
0.18011752
0.200700709
0.538183892
0.49971894
0.347601567
0.023905591
0.201880601
0.47124976
0.684855727
0.830813393
0.551493678
0.357397333
0.859325875
0.409787278
0.381356057
0.787308087
0.086527301
0.897709335
1.227159463
0.21471649
0.938722898
0.326418413
1.217941307
0.937126559
0.350590132
1.226199818
0.204933962
0.181543859
0.863371342
0.223005779
0.763216324
1.282814974
1.190755968
0.862527702
0.259287924
0.109018748
0.665266245
0.77013433
1.273373714
0.754060772
0.552531435
1.1132376
1.317427805
0.297634493
0.191298729
0.720381147
0.962424496
0.561617329
0.390573685
1.022144661
0.538741265
1.207525892
0.230154256
0.802777313
1.277825928
0.171808632
0.217074739
0.992116832
0.639213761
0.524863515
0.674081847
0.066452666
0.219235299
1.072079598
0.413506273
1.064558339
0.589054582
0.963955369
0.643009043
0.136323387
0.701150259
0.203654498
0.388571579
0.705372578
0.26069308
1.029197064
0.177500534
0.824471395
0.648335903
0.009209817
0.161378008
1.205180778
0.793936472
0.078072038
0.456147709
0.519509073
1.120953473
0.112454587
1.04845438
0.890529482
0.571696044
0.503708653
0.982711863
0.613552851
1.05954023
0.356727812
0.638219071
1.341397074
0.325238281
0.872622728
0.993760056
0.393596871
0.058666353
0.585398902
1.023964576
0.76476844
0.768858565
1.186583248
0.603514006
0.076677094
1.264626837
1.055322788
1.330661591
0.964812505
0.584671616
0.802133802
1.297284854
0.04120503
0.975658597
1.218803843
0.568706019
1.322254924
0.56876241
0.012797214
0.189285507
0.960734053
1.234946782
1.284640675
0.425898092
0.170513153
0.344872364
0.766946534
1.072159437
1.186569961
0.979066244
0.715885378
0.058839245
0.539459223
0.340608275
1.355992462
1.224818658
1.24601549
0.405074986
0.468071516
0.992783525
0.86658108
1.297929196
0.704701301
0.148702739
1.345742196
0.517994569
0.503041858
0.438923361
1.254945828
0.949673834
0.847466719
0.355942069
0.496900475
0.737882336
0.311496631
0.902707105
0.150320101
0.653986262
0.415736018
0.104429708
0.426191121
0.985137222
0.969722413
0.871739061
0.158233119
1.317367395
0.115931716
0.142054792
0.898849903
0.454913079
0.39507413
1.297907139
0.027348526
0.23853511
1.343381646
1.258267936
0.400871534
0.109390027
0.915770565
1.323841867
0.318552555
0.254836765
0.852685877
1.243874196
1.157937983
0.507131307
0.561757869
1.305650071
1.131429118
0.231603614
0.074196884
0.290330202
0.485568581
0.65258866
0.296948879
0.603912527
0.756946168
0.228388666
1.347180689
1.28647638
1.11853828
0.064530236
0.940333485
1.285049637
0.161666113
0.235962291
1.257313343
0.518740515
0.335135375
0.619274584
0.780192939
0.320873477
0.310970436
0.287841711
0.10717741
0.561624176
0.411890237
0.942797066
0.319026565
0.885851385
1.351223658
0.288438183
1.093002731
1.035246694
0.459404213
0.20160186
0.268621959
0.327216982
0.346263429
1.207157333
0.885898774
0.264130913
0.801428727
0.870480508
1.024371947
1.021655628
1.262569475
0.777359528
1.078739234
0.535403608
1.357350011
0.129581713
1.213607571
0.377002663
0.798324047
1.183749556
0.300502174
0.86289475
1.126428595
1.19607569
1.277655153
0.942701201
0.476857734
0.029573509
0.177893702
0.949276958
1.016595815
1.06121349
0.605176252
0.8023756
1.196821995
1.270705684
1.006824602
0.975776595
1.346571394
0.03336739
0.295205559
0.078096295
1.014380834
0.532973409
0.517435976
0.038726047
0.949444651
0.830540451
1.271575643
0.947983086
0.092845413
0.75283398
1.182611082
0.64206808
1.124773413
1.095926776
1.121500281
0.462408676
0.786531793
0.250514268
0.602431694
0.953317399
1.221203042
0.90602913
1.302091671
0.521510592
1.162817277
1.055517586
0.549282088
0.684321339
0.438071432
0.961699553
0.943672371
1.127788775
0.954305528
0.209421507
0.160531531
0.307526429
0.131078311
0.024584777
0.006298909
0.000753687
0.375404873
0.51809092
0.611007151
0.862737701
0.649404514
1.174115678
1.365440544
0.697236602
0.545763884
0.336309778
1.265646645
0.735030462
0.688209106
0.494211183
0.317668277
0.122628167
0.343698768
0.327025203
0.247835718
0.858315557
0.225596066
0.706667188
1.234339362
1.15748926
0.993430896
0.419541792
0.551963971
1.140709747
0.719666543
1.000047719
0.527607122
1.348663308
0.285283066
0.316262615
0.658104576
0.859179275
1.326098042
0.974430309
1.070509126
0.849478976
0.32078218
0.42927556
0.800138004
0.679973133
0.482528975
0.434971416
0.629787778
0.346525954
0.170334883
0.020010327
0.854818121
0.89881759
0.639262875
0.223225298
1.021038642
1.3037442
0.567447523
0.983326144
1.302626846
0.211177056
0.635109839
1.037769569
0.718038725
0.400152262
0.739587895
0.438209915
0.680509628
0.800103446
0.504004469
0.713345426
0.008677472
0.463356236
0.205487385
0.915550874
1.029169367
1.169716366
0.08112119
0.030411032
0.412421669
0.355166764
1.270185286
0.955779596
0.386327368
1.080088676
0.075524066
1.183071585
0.157684434
1.264495917
0.40197848
0.755272114
0.204859345
0.893501192
0.95374696
0.081212778
0.695835481
0.066851182
0.126720725
0.309067737
0.49486098
0.114638187
0.693617803
1.320099567
0.151756175
0.591962994
0.383975765
0.265519005
0.264823787
0.618504278
1.096554746
0.179908633
0.983489774
0.834262905
0.807678385
0.491036381
1.130963744
1.186606615
0.32885439
0.394697606
0.043746496
0.191825182
0.140521631
0.489983942
0.41719728
0.097497276
1.325960411
1.043705467
1.298911309
1.009847525
0.313867424
0.855982871
0.920202374
0.861128612
0.496276972
0.360129243
0.010153605
0.660413481
0.481660122
0.521967368
0.178315454
1.258418256
0.089417082
1.216512618
1.310676186
0.620893655
0.928462296
1.233897154
0.115624439
0.325004506
0.876704561
0.200623146
0.135602546
0.772559523
0.04472039
0.22468477
1.25667522
1.19401286
0.049759179
0.883382981
1.142356089
0.17896259
0.609066306
0.427348247
0.105431524
1.202502052
0.791283114
1.125165948
0.821193737
0.869526673
0.127553303
1.256022315
0.571666954
0.227929468
0.333297426
0.77881802
0.765654901
0.60727841
0.316909375
0.50703766
1.107015096
0.666459021
0.114274239
0.794428221
0.279357975
0.433661032
1.063282248
0.246452087
0.669302234
0.341223573
0.507032774
1.179580314
1.278930846
0.954501195
0.750177936
0.928540017
1.346250817
1.114030529
0.767567886
0.071691279
0.371348723
0.258778482
0.720493555
0.51293652
1.318882777
0.268194019
0.461701848
0.427258847
1.264261515
0.033357536
0.186575444
0.27719972
0.463434129
0.088985218
1.122374811
1.284059957
1.033452411
1.26546424
0.092161424
0.497375109
0.022350041
0.796298024
0.965113558
1.105238618
1.331273702
0.967080947
1.251070736
0.130423511
0.027037852
0.099122377
1.308870393
0.977381902
0.026437396
1.212406434
0.067985052
0.994155509
1.134730754
0.877204234
0.313915426
1.25814547
0.93113757
0.601514969
0.83146737
1.13940967
1.324130508
1.240135641
1.189078094
0.617983631
0.72291388
1.111227245
0.875835898
0.308111173
0.694606381
0.833044698
0.101680594
0.092509315
0.832557185
0.945767654
0.734755779
1.206550762
0.54823645
1.060252572
0.478072309
0.474431213
0.604210211
1.033016894
0.251313937
0.997303566
0.92625431
0.179620854
0.170431488
0.558706051
0.288081885
0.720297651
0.086143428
0.398626964
1.023865496
0.686309244
0.093873506
0.617082164
0.256373126
0.031418276
1.178536486
1.294141554
0.366423114
0.703362306
1.296043963
0.166579798
0.05923208
0.344079847
1.275875789
1.145375855
0.407491674
1.260085236
0.692775455
0.993007806
0.058622149
1.141759542
1.045140559
0.963332735
0.380607234
0.032344094
0.823001784
1.128545765
0.728573629
0.211925282
0.117422518
1.000058621
0.4165062
0.542699391
0.920786079
1.332510586
0.935134364
0.762906314
1.320234906
0.305749412
0.234559598
0.093096313
0.827153103
0.23210297
0.904921693
0.572982914
0.827790691
