9.144548371
7.766500067
6.428523445
4.864271967
7.064106885
2.262955152
9.800966285
8.466914743
7.089199692
6.042680886
1.320701358
3.576178301
4.939756105
3.386905283
5.231554752
3.736280728
7.527971435
2.533630929
9.188222671
1.800088589
9.702171329
4.713240732
0.350114291
1.375572924
3.699384174
7.183110563
7.434890545
9.781202522
7.153021655
0.516259776
9.637573135
7.056519481
0.160533268
9.008315924
9.173718748
6.921833783
6.736418485
3.353631576
1.604967361
5.672035588
7.794867595
5.889160186
1.690701207
4.155650455
6.018503489
1.46468541
2.670443291
8.22853784
9.631840542
1.669453846
3.311515543
5.969493897
2.478574394
7.696244495
3.769765061
1.992200015
4.030882115
2.939993773
8.499182913
1.33467738
3.475730127
7.471431245
6.140279634
3.740656241
5.174154405
9.466008548
9.225005657
7.061522707
2.527050453
3.989058951
5.969333965
6.813173789
7.47467435
0.27004337
0.226724804
8.491775489
9.67169797
7.171630039
8.435125276
1.740878827
1.624571489
9.398492585
9.855769556
5.536670988
2.689577015
0.315667923
0.981122732
1.704633268
0.900018228
4.552135217
0.951766068
8.738885409
3.002178152
5.38013783
9.001949078
3.418131166
4.248828223
7.546585618
6.573204853
6.592220425
7.073203898
9.006704312
4.643124885
9.909406086
2.270970952
7.239074183
8.504594082
2.971787033
2.268491666
9.429692785
1.588002941
1.866869203
8.725012792
0.368898189
0.774642408
5.727510305
5.035891438
1.812289373
9.581002124
8.95500852
5.553293361
4.787584752
7.754657289
3.637640577
4.016805187
5.11945456
9.829340842
7.81236585
3.553504834
6.703845373
9.38309639
4.329358209
4.275028706
8.941224435
3.629040061
2.79447264
3.688879717
6.753873948
1.677839458
5.664907445
9.475728318
6.450652801
2.670091223
3.638162239
1.391475884
7.656257895
3.199491481
9.481631938
9.816017873
1.41279478
2.763658644
0.566290615
1.238564476
3.240164231
6.370172933
7.540969838
8.348204148
1.410512651
7.46096728
2.6992607
7.208967878
6.679485319
7.879841641
8.323350716
3.458966513
0.509899503
4.682919448
7.137775838
4.756154025
0.335287943
5.082741561
2.134089678
5.317508854
2.952632103
3.394781168
2.575683452
2.542168516
5.398426315
9.593720434
5.178389637
0.5375571
9.36377007
6.360204343
1.513922415
5.84832397
1.862145125
0.554267672
0.808193141
9.382291366
9.944012776
5.401851353
0.166469528
1.750065311
9.173110271
4.147794241
8.646314452
7.592497574
2.68792564
1.169522896
5.534284879
3.757180103
0.230949061
6.485845304
9.297526836
9.952907094
6.709829278
5.261625655
6.780598681
8.815425453
1.746530969
9.090049292
5.441812615
2.472746513
3.123336878
5.310852536
1.661324457
2.363851483
0.892383366
6.350579648
5.919314646
1.775609891
6.966041655
4.805624847
9.990593285
4.022928833
4.559028065
5.868094654
0.186560914
9.064418429
6.953484994
3.324612546
7.638252874
8.402797675
6.723447323
8.161306964
1.044383395
8.177230677
3.469187568
6.206663225
3.345854297
4.457025922
9.194417163
0.390811913
0.916541278
6.638357712
6.687485558
9.861643438
9.693683897
5.114922487
1.089089759
5.706501096
4.34997896
1.908056238
6.31822476
6.01600216
0.141887561
5.418123855
9.550772771
3.066424965
4.783254177
6.577629015
9.080212414
9.40917478
8.331390453
5.226375221
0.390241976
6.466587153
1.889192645
6.625158602
0.837131483
0.188473543
1.398431473
0.561924009
3.259103647
0.760478261
2.18934447
4.051272436
5.658139541
2.599937007
2.291900372
7.421089664
4.120953878
2.619192622
9.881735486
0.954912875
9.510045913
5.427864032
7.234153935
8.825412417
1.514510409
0.587342155
0.265862179
9.519419343
6.862179032
2.243639333
4.851360584
6.403742635
2.392426535
2.612161596
1.500133346
4.823852921
0.510568814
1.262548177
9.06802451
6.931244891
5.641393655
8.666040851
4.2285258
3.411010334
0.151799824
5.036088933
6.488596428
8.844009351
6.53649768
4.168693486
6.927041162
7.016257171
1.579754065
0.406260264
8.400982993
5.756801999
6.916943764
0.879879713
1.353251569
6.38825075
2.602551044
9.545123159
7.62988947
0.134738852
8.554271427
0.867035886
6.544672381
6.153027305
6.47628159
4.645670528
8.824666103
3.765351275
7.366232116
6.499940897
2.988361042
6.272751907
3.011719095
6.136742967
7.995414161
2.756185526
1.792873964
7.580294174
4.769163728
7.608959467
0.479260229
7.681891026
0.778925996
2.101472138
1.230405702
4.495903798
1.336636287
7.210251963
6.711987999
9.493176637
0.083112336
0.923618849
5.058795477
4.960951078
7.806918215
9.215840422
0.68277953
1.147730901
5.800704074
6.650283599
0.498576825
1.874251332
2.16766808
9.721082147
0.661947461
4.597562671
1.21589544
8.83962545
9.253777766
0.308769205
9.587421868
5.065636568
6.359415588
1.604033292
4.352136239
9.420829777
5.625143312
5.388920903
7.209882897
0.458458633
9.138291325
7.003017927
9.114012266
9.084614066
3.414054849
6.86633045
6.284183451
8.287899613
6.179930579
3.113590582
5.019502758
0.161551559
4.209869082
1.189851692
3.325514924
8.463386631
0.129490751
1.54031344
7.343439178
5.262951512
9.287466463
2.3073856
6.963345827
6.271193622
0.5184797
3.823279295
4.89715951
1.292660838
9.131196155
4.425267431
0.920061557
8.814511471
4.143329451
3.144148308
4.220673024
1.081105257
7.020047557
1.029221454
9.9400266
1.139593245
5.943611749
1.736178239
3.779556062
1.73680785
2.172774837
4.87123752
0.575072276
9.247288056
3.567187813
9.983214712
0.96462436
6.163566548
4.572347595
7.269113444
0.029797057
3.978898664
7.588426918
6.714043704
1.692247432
6.525423921
2.68271393
1.077782237
0.166891682
9.138705156
7.567573167
4.702964539
5.061093122
1.519031064
1.222452214
0.526354588
2.28533427
6.496444382
1.705460522
1.110170644
6.864980851
9.554640603
3.405289285
9.927056539
5.403450189
2.713090836
2.029812359
7.616186091
4.322035629
6.742817509
0.014053011
8.435212713
1.014348818
2.186395619
4.540353689
2.636251164
1.676623049
9.448729722
6.531886357
8.579685993
0.709345165
9.505613201
7.127767006
1.567180932
3.131914095
4.744770885
5.372939234
7.712807982
1.931894042
8.075923131
9.567693746
5.13049756
3.297258145
0.356058564
0.468430727
9.389369964
8.695046269
5.145628012
3.080218282
4.439316987
6.56688339
3.184947086
2.091849048
1.761986247
6.762557617
4.825952885
4.0185999
6.999399722
7.405387681
3.892131567
1.700259019
3.472289682
0.569383466
1.354454421
4.941437731
0.036020231
3.504624516
0.244294571
0.816963912
2.08918133
6.538429946
1.342839564
5.338761025
5.443243268
5.831015745
2.45046341
3.602409978
9.158700883
3.032026224
8.967010032
6.15645414
3.650465471
6.022104594
4.056091178
9.586804669
9.193727661
6.805995067
7.589533089
9.637709627
3.4349399
6.262921335
5.09356954
0.47262489
8.395406903
9.92886253
8.094770211
6.200379187
3.447739956
0.817103255
4.866441875
3.351099378
0.869975789
5.680458715
9.768135562
8.315183534
0.01639801
0.172601771
5.543844917
3.127945391
3.232986318
1.299948101
8.585672191
7.882519114
5.260347499
9.764950552
1.389179029
9.487695351
2.821714327
2.308093034
8.594031323
7.095734427
6.630461445
1.370538263
8.279937967
9.099242402
5.291720096
3.068241045
3.32713806
9.662698468
1.093526071
4.501472593
8.737656518
7.868977287
8.189786854
9.744660984
4.939178481
3.950805431
8.203098886
8.912327319
5.510359302
3.033258875
5.007415543
6.800077507
0.418769645
8.04972496
1.358011759
1.710487825
4.242644234
0.284678163
2.491681622
0.270296814
4.574512917
5.575516677
3.024906937
0.624677538
8.254991175
0.126304103
6.299994948
0.769707956
4.083160689
4.270384486
9.179044351
1.481393223
1.160394449
4.013333174
1.794669332
1.787104144
3.452188491
5.068599656
4.177092885
3.673957912
6.913780749
6.614433583
5.397734408
8.707151499
4.298733038
3.868863763
2.87968738
1.071735368
5.319447945
8.460344821
4.32157806
8.673355239
1.269177743
7.582554412
6.999346629
5.395044961
6.453349424
4.844739149
2.971772263
1.525320527
8.099556798
0.899677574
6.070718469
0.43689777
3.738775429
1.057393775
2.903774211
9.204324935
5.795459448
0.423477261
6.332850392
4.352216295
3.411125285
8.854548043
8.478276461
8.092210111
4.9865511
9.627500334
7.789712005
0.492071231
7.287987506
5.73869777
0.890039341
7.926640842
9.015270063
1.505966724
0.996074149
3.965745982
5.598917361
2.342971105
3.955798351
5.734695868
1.658301977
8.814938604
9.871451766
9.177479185
4.443072436
7.351559509
1.659768974
7.785235767
6.219473615
5.973773853
5.248028985
7.703358124
1.216849528
9.735907899
9.646959401
5.49632745
9.057837156
9.347439897
6.897079588
1.161361971
7.632852653
7.674477134
1.691292473
8.148373195
9.576581322
7.73195102
6.120243053
9.996215451
9.567159777
7.409492631
7.108042533
3.907247757
4.689552868
3.240406307
6.138368761
0.542940092
5.502730883
0.595635248
3.201945181
8.199814361
1.572626147
1.522282307
9.817898086
0.956472396
5.212120419
4.286462881
5.649932577
2.753140738
2.812747725
3.596632161
9.308135331
8.708540984
7.894722722
0.870753506
2.144821835
4.443438793
1.368247181
2.432684863
8.278710393
5.982207775
9.963140895
0.319187846
1.906342008
5.836159433
8.077414954
7.862118981
7.788376237
1.336490097
1.317291563
2.959114316
0.628001856
8.759935028
1.682448109
1.613874189
3.5426434
4.044585796
8.347510614
3.921355375
9.678272144
1.730869702
2.070091175
5.177856753
3.667835536
8.090192615
8.836764227
9.940823665
0.365570102
3.71285812
9.091194408
7.155775462
7.547139195
5.819236769
9.493580516
9.823258295
2.658040417
2.610881907
0.222586118
5.076967841
2.606269536
4.921165326
1.496477451
0.898414885
6.200745106
2.23610895
1.624660813
0.119892984
7.862848945
4.102029976
0.683587642
9.031029513
9.425787793
5.366949974
7.576185308
2.647232978
5.048012834
0.573673934
3.42988861
0.111025461
9.658722888
4.043937446
3.840072032
4.654964296
9.399870132
7.582015267
5.469957402
6.337101246
5.079110502
8.26392097
4.811582093
2.664176282
1.106054973
8.136607243
7.437832666
1.599060465
4.042320761
0.68471232
2.472305661
3.700270067
8.903454564
5.328956863
5.014614171
0.083158225
5.890712297
2.117761711
1.391031509
8.835930565
9.862242818
3.494080265
2.216470571
3.065518902
8.862588186
8.526460565
8.079022376
6.674051781
1.413066378
9.108096834
9.298941127
3.799978097
3.61190299
1.464768783
9.220143868
8.591414671
0.369145459
7.640536889
5.413347399
1.831684459
1.385594289
3.874586137
3.106664146
1.155674447
8.547941631
7.954425252
8.539435945
9.885239007
0.175855202
3.754718549
4.321555585
1.19813594
2.413091107
5.854359002
8.425280354
2.28264384
2.875787202
3.201073193
7.732038839
2.709365009
3.503124272
5.482253436
6.266271516
7.330939306
9.736160407
9.514618773
9.523537981
9.883570236
5.812135211
8.28428045
8.93180596
8.322190399
7.17480997
8.100370215
6.38173602
2.507167714
3.723387491
9.566118594
2.779708539
5.899403242
3.250552803
3.722743732
2.920743139
3.45430849
5.601170441
3.780499698
4.802569078
3.934931819
0.520528569
8.585082667
8.520385521
9.296403293
7.083750319
3.293054114
7.56130674
2.178632867
9.273851692
8.111103599
9.175702189
2.468009035
7.161949895
5.645215945
2.833536952
6.678193149
8.381217531
5.456940266
4.670718856
3.462765138
3.662667501
6.954382391
9.558056591
2.439804342
8.200196354
5.947250521
9.53857417
7.188073332
5.402649748
0.802931613
2.42630399
0.249474951
2.781063065
0.85647726
2.459948222
0.96365829
6.78515263
7.396235571
2.049259205
2.666627081
5.887694942
9.980658475
4.757708192
6.872332339
7.20625594
0.576528095
7.657643535
4.716188889
7.613556265
5.015158737
8.326101725
5.690659383
9.981658878
5.613732015
3.750294207
3.325245092
2.227014462
7.984651873
0.761969129
6.995178758
9.531018063
9.188331359
1.036373507
2.942103815
0.194480698
5.985756828
0.599706181
7.442994924
0.840698548
5.047285425
5.415952273
8.585103387
8.717531308
0.48715148
2.038001728
0.332788378
9.088555966
1.407214511
1.162614521
3.31257174
3.431793089
2.106437621
6.318563565
7.989543178
3.638219769
8.548347963
4.366113956
0.592010889
7.214271506
2.910067198
4.479000597
4.701172879
0.974720133
2.187596262
5.779900502
5.114972911
4.51881826
8.678362452
6.973451941
3.276690313
9.580976273
7.77593563
5.376024678
6.224890583
5.611586495
4.057988311
3.223489594
3.61477285
7.269885823
4.20040133

