9.144548371
7.766500067
6.428523445
4.864271967
7.064106885
2.262955152
9.800966285
8.466914743
7.089199692
6.042680886
1.320701358
3.576178301
4.939756105
3.386905283
5.231554752
3.736280728
7.527971435
2.533630929
9.188222671
1.800088589
9.702171329
4.713240732
0.350114291
1.375572924
3.699384174
7.183110563
7.434890545
9.781202522
7.153021655
0.516259776
9.637573135
7.056519481
0.160533268
9.008315924
9.173718748
6.921833783
6.736418485
3.353631576
1.604967361
5.672035588
7.794867595
5.889160186
1.690701207
4.155650455
6.018503489
1.46468541
2.670443291
8.22853784
9.631840542
0.62072663
1.107554175
0.409904615
1.142139412
1.138740729
1.198965847
0.624420569
0.172152387
0.650149663
0.526675179
0.893658642
0.966546628
0.53583099
0.24428521
0.660683916
0.378121052
0.917047269
1.029850114
0.237647807
0.763132902
1.187835787
0.602808579
0.126105779
0.534626533
0.670885379
1.327536861
1.174302317
1.271484048
0.99647769
0.868291689
0.596947716
0.350322259
0.565683307
0.919842547
0.593500412
0.015908284
0.719292318
1.363438995
0.679785674
0.171718917
0.550310846
0.07760882
0.829202546
0.94739278
0.989127529
1.171169011
0.505688273
0.514127061
0.238298413
1.27499486
0.789657118
