0.011661209753557
0.015533392191697
0.067763477924479
0.081936405113283
0.127925165087469
0.130917716715992
0.27875220053579
0.289574730123271
0.3203081462982
0.380173030305648
0.38400049308162
0.405441299380734
0.41131719933444
0.412963646769892
0.42431670094582
0.44124625599038
0.490339678894832
0.539655343435517
0.684871281542511
0.703707416765888
0.717000427202782
0.800996701210818
0.811595137759661
0.855495271912033
0.902805032635423
0.921957399588576
0.954105000527687
0.986314502760136
0.990851206930095
1.03225653926689
1.10127538814342
1.1267127485907
1.13875071232067
1.16045580216085
1.1893879305301
1.23010495542222
1.27859040092791
1.330419216797
1.3661887572315
1.36847182373291
1.3879836305901
1.4097913800861
1.42895578301013
1.42990146207479
1.44321703893816
1.4581865404734
1.47540917834506
1.49521115810691
1.51670170479111
1.53857090082232
1.53897799582022
1.54691022257522
1.57128486474796
1.58154621709349
1.61435384321777
1.61698613216517
1.64940553811231
1.65717910694959
1.75267072966709
1.76127711812183
1.76846180430591
1.7745531130177
1.78937897699003
1.83369700994439
1.84348155315746
1.85800804444573
1.88429429173673
1.8916135184898
1.91113980867411
1.98323805421275
2.01613961393054
2.04670313129391
2.06941617988382
2.18057374015836
2.22078687681276
2.3335523465935
2.37577552295982
2.37600128504757
2.43473085068903
2.47218114386164
2.49096823110549
2.49813624514281
2.56006839672963
2.5704498602744
2.59994767819095
2.60122424151144
2.61131825406101
2.61781572863751
2.62994639322945
2.63802859436207
2.80505433801297
2.84280174332311
2.88151478911159
2.94434256421443
2.96964049764938
3.00919189594512
3.10520005726093
3.14531386047197
3.18676843775418
3.19330640089234
3.21819932775924
3.2486213963236
3.2497774729234
3.25538987061176
3.28945158613694
3.29410836700769
3.44894330558388
3.45112611349969
3.45177202216639
3.47647040074603
3.50343167569505
3.61386483963542
3.64184264039489
3.71102430688946
3.72913751960258
3.76181544524862
3.77257424863592
3.77853957656815
3.80324317887004
3.80401480111867
3.8168357588211
3.8814846823558
3.90173346529651
3.90319016526759
3.94018691991125
3.95500305623897
3.95739754742304
3.97568985956713
3.97657976616523
4.01497321687748
4.02943497577818
4.09689432412146
4.12486968887313
4.20252986865757
4.3000231363207
4.30499296715994
4.35489395571773
4.38156619651557
4.3841813567083
4.4131094553871
4.41988926971109
4.43866683634519
4.52107369785596
4.53419187454869
4.56382197163619
4.56754436467918
4.57228382135022
4.57571059829569
4.57891962691827
4.59739009023973
4.63491613161937
4.68767354787231
4.7115527010813
4.72126860595831
4.78305588206157
4.810045194973
4.82809068568949
4.82958912124669
5.01018172302882
5.04345107242153
5.05155200620029
5.07601236858908
5.09546707738911
5.09911439396312
5.13313454780841
5.15327923087316
5.16102607805448
5.23876085293738
5.3008714807142
5.34693090963647
5.36821339787905
5.44328529903184
5.44781945433707
5.46646441818211
5.47322216221647
5.50640668940726
5.5177941466604
5.52079885652196
5.54606035090176
5.54784420209692
5.56196265318296
5.60930193532613
5.64075888413969
5.66941758688668
5.6788862643921
5.70344471703368
5.71447997416477
5.74598056010382
5.80110964558686
5.81805825135176
5.91894013311075
5.93189372718673
5.95358543519219
6.0285875929296
6.04619219777006
6.05250885244889
6.07612189708103
6.08590097458356
6.13387099921035
6.15063498860203
6.16981026957048
6.2562819290267
6.25729347268199
6.27316796258575
6.29603497445232
6.42146518616076
6.48785726684722
6.5217429835667
6.57386228301418
6.57671990038915
6.60010379227485
6.6421911501081
6.70418707162958
6.72452282740728
6.73933880698289
6.74883091884662
6.74936208315147
6.82502108801008
6.82520335885069
6.84499837135708
6.87109555859202
6.89227516124987
6.89766881803438
6.90415678430224
6.918521122365
6.92222076272444
6.95142165873231
6.95847159661993
7.06117122223191
7.08957417031578
7.1021088390352
7.1427184279117
7.16193985875123
7.17593855422987
7.20025416291904
7.21279585301808
7.22522788443171
7.24367510627495
7.30208868164275
7.35259682551281
7.35678945475098
7.37087142832301
7.40112276536026
7.41410146652035
7.50174185389087
7.50537233722441
7.54829436630909
7.56577620863206
7.57056016069199
7.66516120795475
7.67096650536631
7.73753385707755
7.78712072426071
7.7902626951337
7.80697461410971
7.82393530084538
7.83303033123916
7.84770386837526
7.95675610850768
7.95990068582075
7.96414596658757
7.9730224495139
8.00759622800923
8.06149235648629
8.16614579702943
8.18798267618588
8.22701918862388
8.22762475292542
8.3491115757827
8.35358467191274
8.42649386566013
8.43686837132485
8.46703779495604
8.48960782943597
8.48987750840955
8.56632869104281
8.57295997276596
8.6267731349187
8.63164604451151
8.63606099209712
8.64863036670902
8.71706555149317
8.72813893581153
8.75754673199501
8.78384680396135
8.82861587664184
8.83174420406476
8.85101950453417
8.86897126729792
8.92290930353867
8.9432917974462
8.96691209778078
8.9710933360522
8.98068424634435
9.05067562516526
9.05210690850907
9.13886413180738
9.14467011418881
9.14593717015037
9.1600771422985
9.19218420696649
9.22964579795934
9.23419151249194
9.33504195397241
9.34301342685767
9.35315095969429
9.3738772461563
9.41030433931644
9.46709782642406
9.46798037463316
9.61232254215795
9.6318043571379
9.63250275124604
9.67115026974197
9.70902804769005
9.71475695806968
9.75961483223353
9.79149270036417
9.84895405292472
9.85470636744531
9.89039308910335
9.9459862915449
10.0345518081908
10.0484709986378
10.058086285277
10.0630094445984
10.1507856674881
10.2081485839656
10.2384155441183
10.2423472085183
10.301142392103
10.307910107292
10.309577131599
10.3537944564006
10.3779602151355
10.3805822020777
10.4463945182617
10.4915203254791
10.5214088003623
10.6336135695194
10.7084055786492
10.7539831420449
10.7693255923876
10.7829784380104
10.8513649582817
10.8642858059387
10.8780206844301
10.9197883567424
11.0604898938827
11.1012156304289
11.1053957791265
11.1079089435923
11.174555457916
11.1924732791402
11.2241841039389
11.227211435097
11.2388911605053
11.2807047114104
11.322541370285
11.4182870233599
11.5264065430524
11.5572004594317
11.6221806324065
11.6256622464065
11.6551703876445
11.6597140566297
11.6971140784366
11.7358660442948
11.7917020001913
11.8184433134384
11.8357382311403
11.8531804909491
11.8885889513897
11.9504329607384
12.0037532450353
12.0146575046052
12.2037085424742
12.2156735913625
12.26759260835
12.2777519519409
12.2889972539711
12.3260908022166
12.3401872098012
12.3601678705891
12.3881230877788
12.4051574188164
12.4287890637058
12.5053045918244
12.5452637694976
12.7479155321526
12.7506081995533
12.7860217076428
12.8110386549512
12.8620145472278
12.8791034815739
12.8930285297686
12.9063284511745
12.9639935789369
13.0365827649874
13.0404956178631
13.0756641027309
13.1257050165466
13.2201875886656
13.3135939168408
13.319342304512
13.322455598595
13.3477339810231
13.3992880549195
13.4612940650505
13.5257430022267
13.5896965282936
13.6184131663026
13.6578845435002
13.7052018172379
13.7193203379785
13.7623731280245
13.8166472176154
13.8621173613606
13.881303986854
13.9130930960567
13.9473168794896
13.9473336633309
13.995636027483
14.0133011896621
14.044098120215
14.0579938777624
14.0730232820951
14.0771238360448
14.098482825514
14.1126015716571
14.1199549432196
14.1315271059499
14.1576228106182
14.1697117945492
14.1774139030256
14.2036017978291
14.2086288148436
14.2248541635698
14.2436473577665
14.2464047636537
14.2728681923286
14.4766122429829
14.4947209533865
14.4986178032959
14.5003037823177
14.5063765769866
14.5769473515265
14.6441610923753
14.7167260101847
14.7421059306056
14.7490514210007
14.7602586315155
14.7901803731666
14.8046253712987
14.8432007464642
14.8445424185761
14.8516471929054
14.8754154584623
14.8913201317051
14.8927483470917
14.9039777354124
14.9269599264834
14.9270650879609
14.9303807227802
14.9330440465656
14.9731667518056
15.0271547935206
15.0378037025084
15.0787897318369
15.0811005890028
15.087013450691
15.1068258655063
15.1332614139867
15.1550924135127
15.2091041212879
15.2101074032681
15.269835244865
15.308173772806
15.360608077835
15.3803521809142
15.3921343509744
15.4295488073348
15.4320089251189
15.4522321495495
15.542825623013
15.5756486190324
15.6040058333722
15.6310995542047
15.662352819791
15.7238589708081
15.748110832967
15.8204384009106
15.8466592570725
15.8521093524958
15.8647860859162
15.8844696233454
15.8980158447276
15.9427619519445
16.0383952428601
16.041087264407
16.0412381627043
16.0432221580847
16.0920077392059
16.0964603585939
16.1095819960545
16.1893349833215
16.2469582483357
16.2473245769668
16.2787560763574
16.2869646477195
16.2931888176766
16.3475795018233
16.5376351938757
16.5586911239838
16.5940733112566
16.6423192522063
16.6682808058113
16.6895377158136
16.7065075161882
16.7245355056111
16.7257237755067
16.7301828514564
16.7856337095556
16.7998060456881
16.8492842444905
16.8527821102621
16.8960076748529
16.9299087541245
17.00171453051
17.1198246631773
17.1490122271971
17.1817844671455
17.1913070256859
17.2170117381874
17.2178243716854
17.2206521357301
17.2536323930385
17.272162606872
17.3289272789343
17.3348176536204
17.3728594134967
17.3783012346727
17.4521877374105
17.480347398836
17.4880526280211
17.5120794271958
17.5718158169179
17.5768081599633
17.6335719625107
17.7352209363982
17.7491342342446
17.7594095785276
17.7773295075541
17.8036193092435
17.8464360082098
17.859147612774
17.8617019803581
17.9098866569941
17.9391822254173
18.1143471953906
18.1179472156352
18.1297580099925
18.1556881896039
18.1579797600172
18.1669356930829
18.1824270183187
18.1894826814203
18.285168927026
18.3038248912716
18.3156719174959
18.3180142645332
18.3319665270515
18.3980123175827
18.429389050206
18.5831531693404
18.6002232220507
18.6017601178626
18.6227784187024
18.6492764610724
18.6712046879764
18.7043577600388
18.8303392747222
18.9020781880892
18.9166191508736
18.9384054217064
19.0284967901666
19.0948047438407
19.099626686152
19.1250422941333
19.1301256461996
19.1443597727638
19.2093865319675
19.211442481173
19.2227936777883
19.2420746436408
19.4004794069916
19.4367329038288
19.5033629310121
19.5618923294296
19.6118545223458
19.6166618630725
19.6359974350513
19.6438266860633
19.6606065859348
19.668166182412
19.6749392545665
19.6987967156293
19.7450776834418
19.7686903389983
19.7704278569131
19.7750763326337
19.7872354362633
19.8599941321846
19.939433301973
19.9980937067042
20.0029547824402
20.0100809800634
20.1380551610995
20.1529540692015
20.259358478891
20.370514937563
20.4201358131968
20.4608264002019
20.4810182595614
20.5252459341003
20.5912114724147
20.6393802148133
20.6446496157929
20.649938188371
20.6508157638835
20.6570425031318
20.6750606645724
20.6962035636254
20.7021367558671
20.8500948137699
20.8527925591578
20.8657944655471
20.9300693309433
20.9494766961703
20.9707468544674
21.0380405775927
21.0457850406101
21.1616862062393
21.2252549078018
21.2264376401265
21.238182194856
21.2959192803541
21.2995812128064
21.4679208218606
21.5158222601522
21.5178297520899
21.6020132634309
21.6411050778615
21.6682926763665
21.671982415501
21.6807907485049
21.695342939954
21.7217938831078
21.7414756413463
21.7416470196791
21.7419279532767
21.7511160260572
21.7583787752535
21.7861946497015
21.8091859473831
21.8309567767282
21.8411524161102
21.8978843995016
21.932105387138
21.9748689843347
21.997839594434
22.0763167583177
22.1227917089791
22.1385314849177
22.1398742436106
22.1424650948394
22.2153954134808
22.2214320459324
22.4269759900174
22.4677393210584
22.4687114629422
22.4889654164111
22.4945205340755
22.5013542934963
22.5054845383301
22.5947461584291
22.5975285354566
22.6244733163786
22.6394670892215
22.6579873533338
22.6864811116074
22.6886035846766
22.7800135793166
22.8209705553987
22.8602811138143
22.8798681458457
22.8986638932342
22.9648698267101
23.1693751919781
23.2099448207103
23.2350822508561
23.2391137723591
23.2547278340102
23.2669982405686
23.2682650601069
23.2814045240857
23.3131653404145
23.405076092467
23.4494086167449
23.4643352970519
23.477641281983
23.4981536128634
23.5157208968508
23.5317747835832
23.541287857277
23.5417181786071
23.5628918106335
23.5754941902521
23.7108498743979
23.728239786242
23.7299686502407
23.7385089647112
23.8141293687884
23.8185537799121
23.8722584669979
23.8734462676882
23.8965728804282
23.8992400296968
23.9019531598256
23.9302814901047
23.935112911256
23.9389664190223
23.9403550288058
23.96654480272
23.9769714651447
24.0187254744148
24.0689256833779
24.1062408034873
24.1487006495356
24.1633387838481
24.2202150905337
24.2587438656239
24.2758184071678
24.2895605728939
24.3046677264564
24.3291536399219
24.3430482509952
24.348273755046
24.3529792164229
24.3543921855322
24.3669293933613
24.4113837250532
24.4127565242381
24.4203883339538
24.4873908777297
24.5008676291263
24.5308939810137
24.5385246366478
24.5573397774696
24.560014986088
24.6024362264781
24.6269465010921
24.7611858179827
24.7721009298134
24.9019171125542
24.9103498513688
24.9252646916732
24.9467694608128
24.9766071428596
25.0027408462381
25.0043133237453
25.0148028404739
25.0234250483477
25.0576297417246
25.1651407067713
25.1656280791869
25.1709023400665
25.2042916135097
25.2160663732269
25.2171850327544
25.2565737391103
25.275194759664
25.3394945915496
25.346717607291
25.3803217129744
25.3905715764973
25.44166015991
25.5037064360328
25.5158266836149
25.5435944930462
25.5608950326584
25.6283999369381
25.6296471641345
25.6859863996195
25.8514643966687
25.9659880395075
25.9711919677039
25.9757895846481
26.0125565228363
26.0148958274243
26.068212821844
26.0872170954829
26.1163496649762
26.2295219231822
26.2382786965979
26.2413369588916
26.3113506143115
26.3288000572705
26.3376516233675
26.4095637307084
26.4407156057416
26.4423172431039
26.5391427144845
26.570273684053
26.5719271477643
26.5907955114248
26.5965639959989
26.6134067265132
26.6579970876254
26.6854800628135
26.689755027612
26.6956943545322
26.7722999342395
26.7803996304334
26.7909890035689
26.8311866158966
26.9019322574356
26.9132171197277
26.926249898045
26.9958923010133
27.0203487956815
27.0937686248153
27.0948530539076
27.1260536412564
27.1290851547919
27.1344989713714
27.2254242069018
27.2507345427179
27.3273094306046
27.3414386783327
27.3550397448017
27.3844605260858
27.397331295959
27.4215557147766
27.4579250682274
27.4843033087604
27.5051418062119
27.5599027911998
27.614614655024
27.6203831619392
27.6909096044167
27.6935779245928
27.7327828066425
27.745179742866
27.8146546735663
27.8177125928599
27.8516798934359
27.9096193464358
27.9114373895009
27.9161570011531
28.0045295843732
28.0046271652991
28.0296190961302
28.0728917986051
28.0914376426489
28.1111025693589
28.1152948791913
28.1307230886369
28.2004679209991
28.2358529321262
28.2481106155355
28.2519399616999
28.3124946036175
28.3569033605158
28.3641438861816
28.3655128911765
28.4103730362061
28.4504766446327
28.5236410155593
28.5770549560622
28.5822897694664
28.6038156100617
28.6207406510342
28.6311958920621
28.6532899611079
28.6925438834009
28.7050424463278
28.7193943740875
28.7525169426894
28.7612040767506
28.7952057227627
28.8660190612763
28.8833723296682
28.8926855004553
28.8954386718498
28.9063125209756
29.1209515127101
29.1243442783518
29.209481217958
29.2136569485349
29.2322819166354
29.2325902928416
29.26086780978
29.2627548578615
29.2811654608926
29.2937612233274
29.4053627523337
29.4782285744211
29.5088225683249
29.5125727588017
29.5615622234328
29.566644317745
29.6289213372901
29.6572110842803
29.6947310711407
29.8061908879774
29.8220907018299
29.9004971189228
29.9306511411767
30.0014596595235
30.0153440512413
30.0773188748398
30.135969476719
30.2401625461575
30.3194428170908
30.3471452809648
30.3673441696578
30.3917983635939
30.414718926064
30.4777820595873
30.5659802677535
30.5894341011781
30.6269423715274
30.6637697970968
30.7190391989406
30.7656394116789
30.8360622230457
30.8861667880673
30.9226726351276
30.9482742714354
30.960871610206
30.9998970274114
31.0275748625801
31.0474989011283
31.0480387662547
31.0515743287045
31.1289228251059
31.1647896367797
31.1899863925052
31.2731032493012
31.3102589075555
31.3935213036916
31.4138753098388
31.4490347848592
31.4727824573929
31.5197982221768
31.5374306516032
31.5824317156074
31.6496649463995
31.6890432234786
31.851431522809
31.8560628365698
31.8839828694786
31.8969883206228
31.9275263481532
31.9349127650909
31.9759864070172
32.0251648126497
32.073850933322
32.0961029064694
32.1085686970194
32.1937905040167
32.2026930732255
32.2226021026278
32.2528686751715
32.2925056243327
32.3176096612577
32.3506575198319
32.3799470209752
32.5425529979504
32.626964249919
32.7231430552456
32.7462795589076
32.7514221384112
32.7522121070649
32.7697711048597
32.7794257935401
32.7966730048385
32.8217757815839
32.8394923618854
32.9199172292594
32.9606151916054
33.0134779019087
33.0180983003894
33.0373303918621
33.0467012561269
33.0555842633809
33.079215293253
33.0806269611417
33.1002824249375
33.1099956285827
33.1784228580547
33.1803601434208
33.2326225712209
33.2377596611878
33.3054029108785
33.362356935609
33.4200047270883
33.4701794457186
33.4742176091731
33.5592788073426
33.6180142908543
33.6410240658182
33.708923901296
33.7152377990091
33.7202628302007
33.7918779586164
33.8082557536082
33.8376539468996
33.8969540026641
33.9072649303896
33.9073011031308
33.9230863425251
33.9749860657197
34.0585925349015
34.0682060561925
34.0906486435179
34.0973542445066
34.1217905294969
34.2457467457771
34.2614453241321
34.3704009004401
34.3783671438966
34.3920918796165
34.4283802702403
34.5400958623021
34.5479830094945
34.5723735748805
34.5758731842009
34.596165350331
34.6786690756154
34.7393905620452
34.758358760625
34.7757261677585
34.788054553168
34.7954488815695
34.7971804877888
34.8134662867207
34.829949274747
34.8540230596181
34.8869717284094
34.8962098068897
34.9261924071541
34.943112007115
34.9795072126277
34.9914325188539
35.1064616100246
35.1571134046631
35.2189351477812
35.2201289651852
35.2206029350318
35.2421709919545
35.2687268836749
35.2824940385777
35.388831868616
35.4239149033771
35.4369641753989
35.4615676060616
35.4842383804308
35.4975257173387
35.5711488442582
35.5737733458614
35.595601976322
35.6036596683975
35.6254986563832
35.6308589555771
35.6408678049553
35.6466112793274
35.651093490707
35.6559837957271
35.6584225582199
35.7189103975091
35.7360876817501
35.9092618181547
35.9094938098681
35.9274811186677
35.9386692499963
36.0613810066966
36.125488389722
36.1750407425903
36.2149959174136
36.2531580000177
36.2991606892446
36.3547668874502
36.38120926141
36.5002074935146
36.5112634443649
36.5518242779534
36.5604854334029
36.598159032905
36.6020844616206
36.6473096886244
36.663667178585
36.7255489903301
36.7309959090827
36.7515460705052
36.7819108173485
36.8032501043661
36.8107902548018
36.871940158795
36.8752232619644
36.8791964534742
36.8837859172158
36.9237983661296
36.9399077395445
36.95624120825
36.9966842850386
37.0021949535596
37.0499571279071
37.1005902157466
37.1121364042118
37.135155883413
37.1435052656577
37.1665042213142
37.189997729981
37.1953611187059
37.2141978455324
37.2501103142649
37.3271558554183
37.3575587324687
37.3667971518133
37.3791378683716
37.4261480374073
37.4466058071783
37.4487705425435
37.4724185402732
37.4778525411963
37.490482784599
37.5168184617965
37.525099841915
37.5461245805486
37.5669781058533
37.6663120533183
37.692620907766
37.76356057077
37.7653682314521
37.7798099671514
37.8358396077984
37.8427763528395
37.8480186713271
37.8763230412383
37.8827331223378
37.883314655842
37.9880080753127
38.0224428323604
38.0345174928806
38.0513267426562
38.051701721375
38.0656133457645
38.0734983578299
38.1501754014951
38.1564974896238
38.2163407467915
38.225841974326
38.2755157876977
38.3087272688818
38.3380843749268
38.3579035477222
38.3802293892905
38.4293039616451
38.5395474151256
38.5490018923197
38.5862877339036
38.6310074867376
38.6393410844585
38.6443263221622
38.687719651253
38.7128874806218
38.7143078783961
38.7198931341489
38.7637318282055
38.7705923337016
38.8082552655849
38.8811759596967
38.8967502998958
38.9223337352314
38.9257653865429
38.9410324691067
38.98571935765
39.0030156360565
39.0188048333407
39.0493649263152
39.0675144546985
39.2116818870363
39.3231262210079
39.3457972289868
39.354990176616
39.3558786208314
39.404322543074
39.4251600772754
39.5038049786373
39.509704823592
39.5394229020808
39.6299402475502
39.6649900403354
39.6962594517898
39.7484985923084
39.8543291303544
39.8571586828159
39.8829530655306
39.9041385712905
39.9377605155351
39.9674569949811
39.971812282677
39.990580196929
40.0467940581877
40.0618968354283
40.1130416852373
40.1421829278686
40.2196597379975
40.2407020324397
40.2503956842861
40.2640341656366
40.2774308252109
40.2841729991046
40.2916404581638
40.293831490101
40.3018149161785
40.3123290226863
40.3223901213758
40.3361209296994
40.411683535598
40.4370864534866
40.4757463336963
40.4762801061122
40.5381152844894
40.5708052961328
40.7364659089553
40.8634656193079
40.8647127773982
40.8806865296091
40.9208487249089
40.9380147998205
41.0285043582913
41.0322345675875
41.032586613374
41.0456674550539
41.1254720063234
41.126662400168
41.1273984383311
41.1303127220497
41.2640810662538
41.3150969193322
41.3535868946967
41.3748282743253
41.3925077007116
41.3967179344973
41.4147451417935
41.4192835223998
41.4233844136942
41.4524258309948
41.4727654003311
41.4846767504935
41.5139198760048
41.5219854579103
41.568039125764
41.6681960115006
41.7945565336748
41.7951742119092
41.7969854704172
41.8132542541682
41.8556206766148
41.8690586429907
41.902454887643
41.980761249835
42.0096822047236
42.0417242566946
42.0647305769608
42.0740311468705
42.1163135185452
42.1220008290191
42.1912913693404
42.1926035502625
42.1989778283289
42.2483900482193
42.259301478727
42.2625080822746
42.3137274362339
42.515557610757
42.5317690532827
42.6009902354118
42.6105298795706
42.6569158829706
42.6629758690004
42.7827212496552
42.7907675020902
42.8215083254912
42.8241299133756
42.8390450375779
42.9280736318381
43.0011420320705
43.0635979920325
43.1403645806704
43.1539072367339
43.1579602787556
43.1628148651793
43.2872027635849
43.2935706864253
43.2967701500815
43.3337566544459
43.3403680311541
43.4573636063629
43.49950101758
43.5053081942468
43.5172628126709
43.532603427999
43.5667442408358
43.6053683785531
43.6078156872041
43.6555835441275
43.659502246676
43.6742534884683
43.6961301719987
43.7096830445391
43.8083120623328
43.8510939753246
43.8572629508429
43.862252171065
43.8825088420412
43.9158594442597
43.9180979432831
43.9236038017947
43.9330633536003
43.9530737706506
43.9885667606855
44.0708939971439
44.0900858676827
44.0920553787401
44.1003612530338
44.1201648691037
44.1243132315212
44.1301584278968
44.141125926049
44.229569540464
44.3091063394817
44.3399105758108
44.3904404339113
44.402722923959
44.4136762218568
44.6043426573039
44.6297669935637
44.6386094599357
44.6408057714782
44.6598731034165
44.6854957029102
44.7795665697804
44.7813713767389
44.8519354311347
44.8560754035449
44.896745732858
45.0085962399331
45.0165511352071
45.0407512251628
45.1280072161239
45.1417970674533
45.1598505348879
45.1723842849189
45.2355434148179
45.2462454559845
45.2621871748111
45.2934049725985
45.341235522616
45.4047152501624
45.4695919391013
45.5218470411829
45.5381689014261
45.6034422875546
45.6446247223504
45.6825050960127
45.7112232780451
45.7114333873659
45.8383049196917
45.8425131756984
45.8600431574913
45.905813510712
45.9094706652725
45.9347811208082
45.9896787836557
46.0106275008799
46.0164047878717
46.068622318493
46.089340134921
46.1170849460284
46.1459496386014
46.1465006174155
46.1754170511249
46.1771570447848
46.1819220507266
46.2046349262071
46.2080592759454
46.2396748448395
46.2539802036585
46.2886923549601
46.2913940700285
46.2961110614153
46.3072559952476
46.3140447728681
46.3381557765777
46.3891380796354
46.4214248185807
46.4328240398443
46.447399198101
46.4583645855744
46.5408451296334
46.556653155117
46.5575074259934
46.6698653237592
46.6711098469038
46.6801906321533
46.6995524452391
46.7151794819115
46.7185664214334
46.7797927850308
46.7833856131384
46.7907880753417
46.7932268484129
46.8007918118725
46.8019846116354
46.8197937178666
46.8306711342368
46.8460775223456
46.8583475353478
46.8799027150083
46.8885489666791
46.9025960594143
46.9382710202602
46.9904110935301
47.0814733774107
47.0860959285152
47.1793099377238
47.2494990078748
47.265794735309
47.2929442597008
47.2932329150443
47.3072319525175
47.3750293292115
47.3918772260744
47.4310349506304
47.4464115418582
47.4473941279488
47.4578620573843
47.474478035598
47.4897750122559
47.5199288549418
47.5427412257947
47.5822089822744
47.642745956557
47.6792780789387
47.6936223984206
47.7002064261775
47.8009422446341
47.9830509920658
48.0075582141034
48.021629350823
48.0571667711758
48.0758514656141
48.098756400256
48.1205883123461
48.1467099848287
48.1687871001827
48.223436126032
48.2272622742471
48.2566724812261
48.2951129297025
48.301905141473
48.4371005902563
48.4705691722106
48.493246612849
48.5021825765467
48.5403496633097
48.5408562634839
48.5584589142585
48.5701074596712
48.5997499496419
48.6067341539853
48.6162510741835
48.7219576392837
48.7256923916721
48.768657424873
48.7812263466314
48.7920382385498
48.8307322885676
48.8532146440025
48.8752967710884
48.9154468927002
49.0570187965141
49.1682083480465
49.2094464905035
49.3266942264927
49.3296085394565
49.3298461359737
49.3969832040919
49.4135678002262
49.4176234456931
49.5223300695143
49.5278666935873
49.5298696501665
49.5798448259014
49.594391977249
49.6311049535691
49.6380685169105
49.6625928722885
49.7099164164413
49.7119949147687
49.7796117649588
49.7811655714673
49.8016413049053
49.876456591258
49.8918173828032
49.9111932398222
49.9197857664974
49.9918678405432
49.9993743595178
50.0039726393158
50.0050526598559
50.0100984826528
50.0263278326188
50.0781401558934
50.0974086152433
50.1236828356045
50.1474681815803
50.1879699033507
50.2614784892255
50.268239689809
50.2886467340012
50.3067239818149
50.3451552282812
50.3915128065234
50.429048802423
50.4389560701237
50.4430904320371
50.46175067171
50.5038753229244
50.5410373964005
50.5677703143706
50.7070592808745
50.714257606495
50.7160805349661
50.7707828049194
50.7901511054646
50.9036989458324
50.9137379354683
50.9422662361662
50.9896174607863
51.0448367938816
51.083471137289
51.102074975159
51.1548497542632
51.1595450501445
51.1715385435025
51.2071225086976
51.2090048377337
51.2164163718352
51.2932861943685
51.2935360477778
51.3127809631737
51.3519952307109
51.4067645287821
51.4122049642806
51.4532906963486
51.4599531153025
51.482289407531
51.5137302282281
51.5269510112047
51.5330218927196
51.6146578856035
51.6253229402857
51.7094708008916
51.7424939781172
51.8211290621146
51.8372647156582
51.8884672366106
51.9105056395011
51.9384405051513
51.9704628181372
52.082096408128
52.1462052903845
52.1717684763373
52.187007262535
52.2406258553401
52.2699816928797
52.2740194471772
52.2840710087661
52.3915081619628
52.4232300411061
52.4278830726305
52.4426552201835
52.4658910394875
52.5078181480936
52.5139986534743
52.5214666808724
52.7041025380001
52.7163752844139
52.8272205278869
52.828574833768
52.851963906563
52.8789030621542
52.9152260534006
52.9233183925817
52.9544657522987
52.9860413051329
53.0135114745725
53.0246247027187
53.0577665251538
53.0754241503571
53.0845782004259
53.1217026575165
53.1414002214253
53.1888278438188
53.212115953491
53.254780657588
53.2722289401679
53.2887748367198
53.7533602545766
53.7809875818418
53.7971113070301
53.8133511521373
53.8751209251566
53.8860043058521
53.9313195580359
53.9326247247026
54.0021334487579
54.0503349253441
54.0529339112682
54.1109697795358
54.1140926947344
54.116386017608
54.1239643231562
54.1562102914088
54.1768645488702
54.227393802477
54.328779373582
54.3305678574866
54.471996028664
54.5485336983692
54.5760115137486
54.6365064560934
54.6430694701254
54.6851300865865
54.7400207385271
54.7769906334076
54.8304749888492
54.8863597799121
54.908499085591
54.993659766064
54.9998505307222
55.0169018509366
55.0359992823426
55.138506259862
55.1924553609035
55.1950688029945
55.2113313207186
55.2115795294301
55.2204692096466
55.2354802143229
55.2800096261022
55.3140279322372
55.4285220749813
55.432448482134
55.4532296525021
55.4736067692164
55.5098066636884
55.5117712362399
55.5616020450243
55.5807198467203
55.6175594413253
55.6507770544937
55.6509570834124
55.6523184994844
55.6547320114572
55.665018931235
55.6884648023234
55.6947201739285
55.703534012985
55.7519518950695
55.7751808514694
56.005317158095
56.0215246121867
56.040880440223
56.066441420618
56.0897526506054
56.116234548154
56.1356146055504
56.1901116325648
56.197730638143
56.2771226938691
56.2784514764458
56.322150864053
56.3507130278591
56.3959099815278
56.3995620759963
56.430026728874
56.4725966267445
56.4838353470049
56.4854516807003
56.5222935054435
56.5544207129909
56.685080137771
56.6914888019052
56.7124283406457
56.7127184897018
56.7372651504012
56.7527129875218
56.7602732883238
56.8568248248055
56.8808537250121
56.8998704918449
56.9768746789113
56.9812731720532
57.0278058286627
57.0348879842495
57.0742061869243
57.104984686828
57.1309935422926
57.1408662660571
57.1894406082562
57.2255665047075
57.2690594074114
57.3332632275805
57.3579639438784
57.3803598923791
57.424125494032
57.4301873766712
57.4445703142383
57.4646098639679
57.5264503185689
57.541879459553
57.5495233359502
57.5839647664626
57.6264853623205
57.6293474353173
57.7499170327674
57.7895412886751
57.7925318501269
57.8008502630418
57.8068607817057
57.8077679619045
57.8399312689562
57.8964754273332
57.9159135136086
57.9246756464316
57.931209197999
57.9337922580258
57.9782158767057
57.9806568549269
58.0043321215
58.005091834345
58.0162955149654
58.0366769116624
58.0413405324312
58.0432470451735
58.0504028415673
58.0791575557493
58.0810690197374
58.096811906611
58.1269560166777
58.1277405237566
58.1676310478074
58.2702960125439
58.3339828306448
58.3928408480944
58.4080611945438
58.4283910822665
58.4354420803425
58.4780325752879
58.5127540238023
58.5220641136289
58.5610577600949
58.5701652688975
58.5755285504787
58.58224659277
58.7516103830418
58.75492104437
58.7605388224461
58.7633431599459
58.7729407840916
58.7859456380139
58.7977879142031
58.8171120974109
58.8555686646732
58.8594782783681
58.9548020284997
58.9702895330842
58.9952720297811
59.0060626460273
59.0176299787487
59.0533125468057
59.1066194578218
59.1656677683619
59.2422877132446
59.2795016190433
59.2955981950397
59.3265137324989
59.3385123965221
59.362107658257
59.4096788596279
59.4156854670475
59.4210852467141
59.4333713082325
59.4425979047589
59.4650515216799
59.484336510628
59.4971814829345
59.5031811154872
59.689492095452
59.6957101704664
59.7513526299542
59.7647473494801
59.8124085679013
59.8315308328404
59.9044275354772
59.9211983612064
59.9372655718376
59.9884792770003
60.045843085095
60.0577378552367
60.0899925496106
60.1063195705464
60.1672764257192
60.1722587138469
60.1839944959382
60.2400301950494
60.299973347098
60.343646622952
60.3443872749947
60.3646743979481
60.3695127398524
60.373818009848
60.3797444376779
60.4078090023073
60.4151820137434
60.4330105675517
60.4599047307999
60.4683920538468
60.5352187743144
60.5362149384616
60.5715438445965
60.5984313959974
60.6079545592213
60.6236886895542
60.6831386425819
60.7170251128593
60.7642633026939
60.7674994947884
60.7836538899976
60.8091320490815
60.8395268945586
60.8408860958402
60.863378672644
60.8768363011477
60.9328439122045
60.9589942476753
61.075039917663
61.1380098026573
61.1383535885959
61.1667599439161
61.1706728991092
61.2046186616497
61.2226118892106
61.2908157147627
61.2946620209328
61.3269475286492
61.3481387627996
61.3657015882388
61.3793709797168
61.425761419001
61.4399002829551
61.4507714644784
61.5055347683121
61.5292796635212
61.5498976662726
61.5672470092443
61.6220524075175
61.6329243930652
61.6501695714935
61.7635662090029
61.772405249773
61.8734479252154
61.8931962236506
61.8957163250648
61.9355624959777
61.9432564725445
62.0022891678332
62.0163829583464
62.0289740146482
62.0442686580629
62.1466214293914
62.2286237941545
62.2919485464848
62.3844221310341
62.3903957483231
62.4055027323204
62.4276452322001
62.4430041907892
62.45127408485
62.4927836804257
62.5261159506882
62.5380843232224
62.5642068243252
62.5802441393298
62.5813282042425
62.594151641445
62.6890835027431
62.6959206143057
62.731590805328
62.7407427085531
62.7825853481903
62.7831383918549
62.8153874401956
62.8173741511142
62.8544781954597
62.8691101724187
62.8835270713219
62.8914025227386
62.9244431745971
62.9523698202932
62.9688443337497
62.981046754143
63.0223383257594
63.1188854374031
63.1818277378976
63.2630756353803
63.2709384091863
63.3197908018438
63.4371129803952
63.4503833158388
63.4581181393736
63.4954879162546
63.5119621333785
63.5295395380569
63.5712080801301
63.6246663360242
63.6476755324201
63.6598919696884
63.7011709739831
63.770664005611
63.809304936152
63.8307847617627
63.831233942815
63.8782838128328
63.8973109888327
63.9272348966023
63.9847956566842
64.0109691025716
64.1650057757678
64.1699997454288
64.1859091785034
64.2300879567751
64.236928201177
64.2396249863965
64.2712034945704
64.2746821823252
64.2907679150753
64.3496584610121
64.3597950483419
64.4222810314665
64.4433395434179
64.4546478828044
64.455993879115
64.4882322659701
64.5075314568994
64.5668860760476
64.6102092742133
64.6242476883472
64.641045479497
64.6753252174397
64.6781249820876
64.6886883173006
64.7092617505196
64.7749026709489
64.7791302301639
64.79133632764
64.7953809431552
64.8019719550479
64.8092307578595
65.040224095782
65.1127343882203
65.2280696436452
65.2482443199978
65.2600710586581
65.2603077060261
65.26621194669
65.328582019374
65.3432434297658
65.3569352307927
65.3605949814924
65.4190005432669
65.4409138182347
65.4557637228252
65.4956137813669
65.5008378648016
65.5223810111696
65.6406948191246
65.6732453410569
65.676112432471
65.6853460296006
65.6864014328811
65.7034880794326
65.7077051928356
65.7196787194873
65.7587770818817
65.7774864293531
65.8234593947297
65.8438643211578
65.8662218189369
65.8761243306695
65.9060726214137
66.0454114529841
66.048728576101
66.0805764371196
66.1218425190786
66.1368787640621
66.1398254597147
66.163918261907
66.1651015943558
66.1916679043081
66.1975701677635
66.2154467300627
66.237839697966
66.2502955619214
66.2729618494536
66.2748920202639
66.3079776151098
66.317448395487
66.3423494368982
66.3558019730572
66.411046122027
66.4421972062892
66.4564419967195
66.4979745390291
66.520622676185
66.555816046592
66.6014319044933
66.6189906552973
66.6879796501983
66.6959134306858
66.7152152246738
66.7699503229468
66.7711288606507
66.7942379994629
67.0090591674329
67.0811856984308
67.1090885091635
67.20284869624
67.2136097933717
67.276201541491
67.3922167640742
67.4030137091367
67.4115601635955
67.4866835799908
67.5575278002811
67.5980046452627
67.6420369835777
67.6594861747692
67.6717665849914
67.6924710241451
67.8350779664256
67.8641857567227
67.8657295037269
67.9134665415195
67.9561778743306
67.967904829207
68.0754761318635
68.0912639652199
68.1022864492619
68.1181318935798
68.1364177590435
68.1800045797828
68.2181409056386
68.2476814084638
68.2537466071578
68.2701422054365
68.2963464196347
68.4472650134572
68.4863578112515
68.5122950762147
68.5235916525567
68.612619946157
68.6197209715313
68.7852681074706
68.9429533724492
69.0419093951235
69.0478237645808
69.0480805942595
69.113171004948
69.1789757945187
69.2121493150223
69.2985818802471
69.3463074554933
69.3528465129848
69.3832747128335
69.3852193345751
69.4000629899236
69.4174005730548
69.4596801074746
69.6782481469188
69.7532956954384
69.7843689689124
69.8070013698361
69.8190022990545
69.832874497753
69.885513807728
69.966997499386
70.0136821861738
70.0552835180502
70.0615179065834
70.0921322002622
70.1029217544422
70.1451659817987
70.1919148350579
70.2163550566244
70.2367216391774
70.2585810468165
70.2636109550241
70.2777539489192
70.3834765618164
70.3979331692143
70.434139704833
70.4954421845866
70.6528179071446
70.6585371940592
70.708645226711
70.7246644805007
70.7490242645785
70.7536822837457
70.7920775165393
70.8070621789949
70.8488899737627
70.9035439843954
70.9037881280681
70.9599078726833
71.0187482028634
71.055066159883
71.055579968532
71.0719004250717
71.0785682918717
71.1288455087182
71.1476420821558
71.1903341910148
71.2224017801638
71.2242994688055
71.3365870094981
71.3526330220142
71.3755094831661
71.4789173919061
71.4896797839288
71.5029663586067
71.5157967753246
71.6022690707159
71.6149780571133
71.6386753596425
71.6864654686439
71.7061724716137
71.788428616035
71.805943094954
71.8197399174244
71.8692172730897
72.0379094437761
72.1140104671277
72.1654806040229
72.2047634426515
72.2119448111759
72.2239065646431
72.22439396305
72.2697638624137
72.2875507253572
72.2960531586838
72.3791400310154
72.4367551518087
72.5028022058126
72.5136055167121
72.5374441259575
72.6268288542636
72.6321177343574
72.6566103826311
72.674526198594
72.6901498841251
72.7671540133887
72.7748874607453
72.8022187462649
72.8419242389236
72.8544269337881
72.8860256344579
72.8967710245605
72.9161816795856
72.930268542023
72.9707972380892
73.0009300115237
73.0163405601083
73.0591680333646
73.06154977193
73.0776955085338
73.1171326350736
73.181729410854
73.2677880748788
73.2760295078932
73.2792934053298
73.3065083159072
73.3849683258872
73.4830991449529
73.5010678615915
73.5049376360789
73.5149699851814
73.560462555905
73.5910265776082
73.6004688195123
73.6068644532221
73.6452982752139
73.6550170571288
73.6724200220527
73.6761380851943
73.7001370559713
73.7182395993459
73.7472069012282
73.841196735171
73.8644378141669
73.8852697150782
73.9112409172462
73.9832188390904
74.0075814515865
74.0195901232202
74.0281587717175
74.0321457346001
74.1105492701408
74.1199057956913
74.135694961285
74.1873202966804
74.2378453215516
74.2475369184075
74.2721562845948
74.2842053084813
74.3193487965678
74.40499427036
74.4063359410205
74.4118279870356
74.4131526428163
74.4255790818204
74.4400879677073
74.4988758192842
74.5177073360852
74.651186576634
74.6570645771445
74.7177899958971
74.7359219718588
74.7495366700785
74.7889400511615
74.8196131936645
74.8201216011417
74.8352139070454
74.8452506165922
74.8554982409045
74.9686489192834
74.9724317272752
74.9961850210576
75.0041420300918
75.0066499697024
75.0723853047153
75.0741425581313
75.1517997553921
75.170378736945
75.236753777319
75.2398690017798
75.2403790455328
75.2590705811654
75.2804207761437
75.2981345176378
75.3013329891842
75.3017626601005
75.3097257709569
75.4107782562572
75.5177077263309
75.5448135684228
75.5892015138223
75.6412188183297
75.6609329258062
75.6749889435563
75.7106018571971
75.7854880249547
75.8032848019216
75.9136620981541
75.9587529426459
75.9786621131101
75.9820521844231
76.010492375101
76.0262097417755
76.1046891993025
76.1160612600197
76.1266512505129
76.1461345910885
76.1754324060098
76.1991345291847
76.2039835985959
76.2961469382938
76.3240976049059
76.3496062180989
76.3609665800503
76.4113328383457
76.4116062249697
76.4290676619803
76.4929617695911
76.5059447704141
76.5759531076745
76.5796204311989
76.6153094975225
76.6197049388063
76.6270445804302
76.6453776065266
76.7245083365258
76.7583958510517
76.8484104029019
76.9062219924505
76.9161647605345
76.9442588181008
76.9486687933321
76.9515551430706
76.9597568926327
76.9776842543459
76.990577793781
77.0039564615457
77.0044368730711
77.0269721533543
77.1427006278973
77.1737831411491
77.236043863282
77.2545995413889
77.3033192895429
77.3113171289926
77.3183118954278
77.3318975419276
77.3549400413251
77.4225461468164
77.4290893395124
77.499984835603
77.5528324018753
77.5605651063345
77.5629577188459
77.6113113099615
77.6207366487888
77.7457975963067
77.8658377804862
77.9015025033873
77.9044759664735
77.9178169860348
77.9765000150281
78.0883296835632
78.1379675417411
78.2526682391238
78.2618500617405
78.2856151011566
78.370415490351
78.4403295583056
78.4590324220005
78.5626330052557
78.5722088257741
78.6611791614479
78.6759551952605
78.6981114754892
78.743513670371
78.7736014844291
78.8205911152445
78.8413408203523
78.8711144130832
78.9387042635048
78.9602508431876
79.0150599386142
79.0389168806973
79.1565615398859
79.1659726095217
79.1799859674062
79.1862086447526
79.1864717838316
79.3686344729563
79.4148890584556
79.456492614568
79.4993240883943
79.5160650215047
79.5304507688383
79.5804014914222
79.5897048673106
79.7222440873225
79.8015765228804
79.81053355158
79.8567918963458
79.8836091526737
79.9020070712293
79.9583965112917
79.9599170952365
79.9615791521447
79.9948138964572
80.0106856323806
80.0188392680326
80.0345603623573
80.0554223594653
80.0649512177556
80.1250281079787
80.1266329025334
80.1743090046701
80.2380963772216
80.2671236784892
80.2711371976258
80.3438576623463
80.4041633557168
80.4078090521206
80.4278633744499
80.4546798815532
80.5465557247257
80.5589445476427
80.6477356902277
80.6603469252744
80.7224887994614
80.7235684125174
80.7250998231315
80.8378906286225
80.8782704921563
80.9350603224698
80.9402925635377
80.9421331317936
80.9468482489474
80.9899725173189
80.9964451216402
81.1487004677031
81.1991471351021
81.2410312398379
81.2635990244999
81.2795520163869
81.288556235088
81.3078983485768
81.4437490267616
81.4553749496767
81.4748028431131
81.4899772968573
81.5221981636296
81.5512073420391
81.5660772067316
81.6280221100867
81.6674174974595
81.6970778291276
81.7160852409856
81.7214201706586
81.7271588061931
81.7347933935702
81.7693667597109
81.8295160454709
81.8379582931348
81.8975034180123
81.9056414517426
81.9107197892121
81.911571563719
81.9247229992313
81.9378305981303
81.971971856797
81.9743946543106
81.9921452304749
81.9922378544924
81.9928510786225
82.0590967329771
82.0968046717498
82.0990841600734
82.1120048395301
82.121995248336
82.1972313120457
82.199817378281
82.2083723358072
82.2191097938011
82.3263972890276
82.3332969692734
82.335917505158
82.3504257338475
82.3693888213095
82.3914507148713
82.394732498241
82.4078820105746
82.4198205386027
82.4546534676565
82.5133327218582
82.540494229735
82.5493565105074
82.5836017097844
82.5841147481677
82.5859651849035
82.6331742364019
82.6336392918183
82.6661024936481
82.7259048202306
82.7293992839777
82.7761215668926
82.7814830164301
82.7897047286459
82.8369108894393
82.8948424435889
82.8981906874204
82.9126059087813
82.91340898616
83.0128506284886
83.0295491606583
83.0532135466272
83.0846754774118
83.0937923422517
83.2798946060175
83.289191031067
83.3208361559875
83.3426378763584
83.350736068355
83.4300297081711
83.4744384156178
83.4850501246167
83.5007676193987
83.5222756870913
83.6338851398778
83.666363570377
83.6828648935352
83.7507098410119
83.7565417095455
83.8296089427968
83.9048643734624
83.9444798374476
84.0669463699999
84.1385760291624
84.2238625069837
84.2363099829862
84.2421146143531
84.2437092560336
84.2683406239838
84.2915526581172
84.3801192173892
84.4245867473734
84.4432048047531
84.5649190794578
84.7343052874248
84.7447625412182
84.7553340074153
84.7653457201514
84.7725637478906
84.7971707177736
84.803527542146
84.8037026866569
84.8458372326702
84.8644802466138
84.8662763996258
84.9034193054119
84.9466810738101
84.9872128500564
84.9954077537759
84.9982372635108
85.10086128462
85.1133099873858
85.1472638676102
85.1755958896541
85.1836985416496
85.2166097908175
85.2280909859479
85.273476552918
85.2740754777847
85.3102631460283
85.3133903616665
85.3384758279584
85.4067982428938
85.4713931590803
85.4993750288325
85.5109304080247
85.5582506499512
85.5988936445968
85.6478551280923
85.6622064487617
85.7245959705339
85.7712321321871
85.7840111554365
85.8033473178939
85.8318982074955
85.8458842776751
85.8921626283477
85.9108233388787
85.9144776110497
85.9340241340018
85.9385885147766
86.0054017886231
86.0195321693178
86.0496841895423
86.0724799895653
86.1008413613794
86.1742506475865
86.180418884519
86.1955252335452
86.235796165192
86.246040231352
86.2931435655243
86.4160749921271
86.4332775351728
86.4645431172284
86.4856854302432
86.4892719983369
86.5241941292934
86.5479175688613
86.5906381508574
86.64727989918
86.6521600069217
86.6534098755202
86.6938314175394
86.7219814031478
86.7429371398979
86.7719847048486
86.7895878570596
86.7965670098365
86.8214688986949
86.8310557672835
86.8342585427882
87.0409888350215
87.0883270039209
87.0897489047079
87.1020445592177
87.1444686794899
87.1704305148213
87.177799760693
87.1845003147159
87.1886765344116
87.2152168084106
87.2392795778381
87.2551827573763
87.2619338228794
87.2668245265349
87.2958463993063
87.3380174809706
87.3779286702594
87.3919866422128
87.4224481961969
87.4293085388766
87.5012417380581
87.506803916046
87.5472078650091
87.596576965288
87.6757425569432
87.7166304033374
87.7262132153563
87.7747591902672
87.8104404103855
87.8930878272568
87.9389502560562
87.9441520535121
87.9776899716246
88.0243207934816
88.0463262926708
88.0749338587047
88.0874896576884
88.1144966622333
88.1492163595016
88.1665998990076
88.1856262001459
88.1861366975814
88.2052180805613
88.243686556835
88.2706747793594
88.2717356654056
88.2896848142762
88.296614744345
88.2969820321174
88.3233173805136
88.3358638117671
88.3703803538378
88.379504709821
88.4484812890076
88.4876663709208
88.5549695123934
88.7216121338172
88.8187810535708
88.8462588825011
88.8675551459953
88.9460745192783
89.0318190832647
89.0581772492709
89.0721051385748
89.1449292944368
89.1725515970786
89.1867782898688
89.1917396811207
89.1963878070559
89.2266640480701
89.2400868546622
89.3513992126394
89.3514887835783
89.3520021716446
89.3592698886492
89.4075625208513
89.4205410215403
89.4237160065374
89.4311222088313
89.4630382866075
89.477465072911
89.5959343978041
89.6238177280863
89.6666629923247
89.6951543695871
89.7479657585458
89.775473002932
89.776611288089
89.7802871983576
89.7974581103559
89.8125344329556
89.8230190099798
89.8767713543727
89.8775209189247
89.8809379196801
89.9650126194494
89.9977741248401
90.0771690525209
90.1062626828655
90.1498783506046
90.1574303167952
90.3540088576639
90.4414480585684
90.4421087172276
90.455903051083
90.5094997001645
90.5446125458652
90.5552046890993
90.5559503386964
90.6048686738185
90.6411075082554
90.6437297165805
90.6452851096892
90.6928947579091
90.7388928009096
90.7478317796805
90.8225204299513
90.8226845741028
90.8766951254356
91.0495631799504
91.0545993582806
91.0730832575467
91.079371998306
91.0977205639794
91.1163507308855
91.2095253501405
91.2998189168614
91.3172120925819
91.3968904782758
91.4214126420581
91.4859438012434
91.5022664092779
91.5216126575771
91.5280586838797
91.5559307226739
91.5839909775815
91.6108466153437
91.6494720909015
91.6756095257812
91.7059823944549
91.7204004696169
91.7378937625464
91.8655655660531
91.9039947475689
91.9924598275227
92.0164086399916
92.0215436794804
92.0565444996413
92.2916507105268
92.3059380420304
92.3352895772331
92.341830271593
92.3681115591575
92.3855668887214
92.4068060890045
92.4624488156907
92.4762187742551
92.5086775919632
92.5513815894048
92.581944780295
92.6028463609141
92.6250921116269
92.650095619436
92.6577508060634
92.6812056815223
92.74928313429
92.7747136551299
92.8042652259944
92.8063435262788
92.8593135087271
92.933375599606
93.0032991866393
93.057850908982
93.06067200868
93.0836928241629
93.0983218970157
93.1011135537437
93.1035420323105
93.1097742368821
93.1245668513932
93.1464102014222
93.2054649627785
93.2616316956948
93.280746931425
93.3395129283321
93.3955636472537
93.4115401903298
93.4170159446652
93.4610406871668
93.4886890915352
93.570497824472
93.5889375876285
93.6182101960197
93.7091829918768
93.7127682048883
93.7373235570497
93.8318278935783
93.8865823690859
93.9233338941047
93.9374490600623
93.9836544515883
94.0807798880933
94.0858646737674
94.0956797322906
94.1080039559588
94.1419138088493
94.2048726681042
94.2381620061381
94.2672199549201
94.289700702893
94.298774959825
94.3530892551091
94.4033735455869
94.4110397170685
94.4178916799326
94.4331715294782
94.4471905862168
94.4647751873989
94.5227200531204
94.5615638785356
94.6023395828137
94.6522373894625
94.6611835921732
94.6898107365269
94.7095720503709
94.745102506202
94.7664605868124
94.7953299404346
94.8146093746652
94.8644973417071
94.9206583887847
94.9328437723808
94.934048841316
94.9761067440845
95.0068332029947
95.0145223066878
95.1195144565395
95.1266802740721
95.15616449151
95.2091829271812
95.2117957638399
95.2349299815608
95.2411702899019
95.2448211152575
95.2641893823823
95.2855822904053
95.2941120025287
95.3287175301198
95.3334071354246
95.4357022997423
95.4475743937653
95.4656123931307
95.4671875522184
95.5003920882364
95.7011199939468
95.8767641635602
95.9099746951797
95.9314936994459
95.9393103207909
95.9777035272663
95.9819551049502
96.0253800506805
96.1357215638204
96.1368877227939
96.1663273724301
96.179831189661
96.2377224630163
96.3579746928074
96.380597172618
96.4230243847263
96.431027931379
96.4347657756609
96.4636854395512
96.4748746126396
96.520713938816
96.6206044533235
96.6402757243446
96.6685238162191
96.6854469033291
96.7132408682272
96.7448673716503
96.7665270965379
96.8172912826402
96.9943037572102
97.0186383935086
97.0283635834292
97.0394060581025
97.0713671729132
97.0959487465908
97.1221762156383
97.1600551221921
97.1641832768808
97.1960558927388
97.302607331981
97.3265074790563
97.3613797028465
97.4804725389385
97.5091371922956
97.5218788673504
97.5236666141804
97.5674407642821
97.5948911221968
97.6578685589412
97.658557988306
97.7462185869205
97.7647717146714
97.8321038224191
97.8666847972687
97.8668934127059
97.8711579762549
97.8809087563231
97.883505792965
97.9056067920329
97.9193292786613
97.9237129221801
97.9339810730508
97.9911064897332
98.0148967208008
98.0762047384365
98.0963906032357
98.124358279192
98.1419521689692
98.1589561938222
98.1722017929225
98.1755207202788
98.1858172340554
98.2522314018189
98.2572851182693
98.3349179626709
98.3793541838611
98.3839289484704
98.4143112020472
98.4178610579724
98.424024337057
98.4696592819079
98.5035970536529
98.5352137020686
98.591340462521
98.5965302328468
98.6471647236597
98.6478998963606
98.6743646317892
98.7079156058941
98.7343505545461
98.7831699555309
98.807818655676
98.8205285560919
98.8861893274474
98.9564655428984
98.9733974147289
98.9993628585758
99.0253885855649
99.0685483283485
99.0864794252852
99.1263668257355
99.1529367202073
99.1898373899472
99.2123321091371
99.2156682762473
99.2363228128279
99.3433601994778
99.3821572296782
99.4154198589095
99.4307229943382
99.4474385152429
99.4925611905233
99.4998649965149
99.5191136787486
99.5319764609261
99.6013399307276
99.6695511278596
99.6852401114535
99.6949619957594
99.7909014173
99.8131027719388
99.8163112676452
99.8340337908171
99.8471285002057
99.8477117672934
99.8683933770909
99.8760140205893
99.8770903182941
99.9050775764381
99.987534738451
